-173.98
-11732.09
-53.29
-53.29
-6.65
-13.32
-13.32
-51.75
-66.63
-66.63
-430.68
-3409.49
-743.88
-28.47
-221.32
-99.0
-2399.45
-169.26
-8985.81
-159.87
-2013.55
-401.15
-450.01
-6.43
-39.96
-49.99
-50.03
-57.25
-91.45
-114.55
-199.89
-268.62
-513.16
-2667.73
-723.65
-27.53
-213.91
-4.19
-115.92
-21.83
-15.6
-1043.0
-50.0
-720.0
-60.0
-135.0
-120.0
-100.0
-3.48
-15.81
-10.67
-25.77
-177.0
-15.4
-35.0
-4171.1
-10698.07
-1006.77
-164.8
-6.43
-45.73
-49.76
-256.56
-411.59
-3270.66
-704.68
-27.54
-212.79
-5503.31
-642.24
-67.62
-20.88
-41.08
-50.0
-260.34
-500.0
-35.0
-35.0
-546.0
-1500.0
-161.78
-10823.53
-287.43
-383.24
-6.43
-31.92
-42.56
-49.78
-457.32
-3453.96
-691.64
-27.54
-212.86
250.0
-167.08
-11152.35
-574.86
-133.7
-6.43
-19.09
-38.19
-51.18
-63.85
-438.23
-3522.55
-714.39
-27.54
-218.82
760.0
25500.0
27600.0
3898.0
-5503.31
-642.24
396.7
-278.06
-3410.09
-12463.41
-3140.15
-257.15
-100.3
-335.34
-11.35
-14.31
-28.63
-36.72
-37.24
-59.98
-73.45
-773.57
-4147.64
-1188.81
-48.6
-256.46
-99.73
-21.64
-17.5
-2.96
-467.29
-2.04
500.0
83600.0
-5676.1
-283.71
-1174.27
-13662.1
-4238.08
-471.26
-319.75
-14.0
-59.91
-65.19
-79.9
-115.69
-399.8
-861.76
-3699.03
-1213.07
-59.95
-256.24
-2374.0
-129.0
-199.0
-5503.31
-642.24
-86.25
-37.1
-214.0
-1344.9
-50.0
-50.0
-200.0
-2.5
-1000.0
-55.6
-7.5
-10.58
-4.43
-2.5
-1524.0
-1030.0
-115.0
-201.4
-12323.49
-275.12
-1409.85
-425.56
-53.9
-5.98
-13.86
-36.72
-55.57
-57.6
-74.67
-75.44
-100.69
-348.25
-814.02
-3627.97
-860.93
-59.35
-246.32
125.0
2500.0
-2.7
-186.29
-11.55
-198.63
-13791.03
-132.86
-95.81
-279.65
-9.11
-10.64
-13.86
-15.76
-37.32
-56.42
-58.62
-960.57
-4121.32
-849.24
-59.35
-250.77
-1000.0
-1176.75
-16.0
-2877.0
-2595.0
-3099.05
-495.0
-5503.31
-642.24
-201.09
-13533.67
-462.09
-325.32
-145.93
4281.67
-13.86
-18.24
-18.24
-19.09
-40.05
-58.91
-59.47
-111.39
-929.63
-4033.66
-859.62
-59.35
-251.92
7015.0
379.02
4710.98
-200.62
-12891.89
-321.44
-1221.58
-13.86
-45.9
-57.96
-91.81
-135.67
-961.11
-3929.5
-857.62
-59.36
-247.86
2500.0
-990.0
-354.04
-13653.27
-10531.44
-145.93
-666.61
-1513.74
-14.81
-18.24
-18.24
-77.79
-152.25
-704.53
-836.48
-3467.21
-63.39
-332.73
-38.99
-29.99
-1980.0
-5.56
-383.57
-23.78
-199.0
-197.68
-685.4
-11874.14
-1341.51
-183.91
-145.93
-845.02
-13.59
-18.24
-18.24
-20.43
-52.45
-100.69
-340.65
-868.99
-3400.36
-58.16
-224.44
1450.0
-85.84
-150.0
-170.0
83.23
-747.66
10.49
-186.1
-13296.97
-137.94
-795.64
-13.31
-15.31
-52.05
-968.84
-3734.41
-56.98
-222.59
-1350.0
-1401.1
-50.0
-50.0
-50.0
-50.0
1189.04
-188.2
-12144.85
-91.96
-1341.53
-804.53
-10.21
-340.64
-58.84
-3867.37
-100.69
-13.31
-868.14
-56.98
-251.65
-379.02
-3710.98
59.0
25.83
-188.82
-13551.38
-91.96
-807.14
-45.9
-3320.31
-10.21
-13.31
-968.84
-56.99
-196.45
-16509.93
-1926.72
-1431.2
-1189.04
-400.0
-25.45
-24.83
-25.0
-1000.0
-35.0
-188.66
-13610.17
-806.5
-45.96
-3330.53
-13.31
-968.84
-56.98
-196.6
-25500.0
-27600.0
-80.0
-1000.0
-1.74
-1.74
-5503.31
-642.24
-189.29
-13605.07
-809.23
-46.16
-3330.53
-13.41
-968.84
-197.47
-57.42
-40.25
-11.64
-59.0
-200.0
200.0
-206.1
-149.9
1500.0
-808.16
-196.6
-56.98
-12150.34
-128.58
-1341.52
-189.05
-16.66
-36.72
-340.65
-2953.11
-45.96
-18.36
-100.69
-849.77
-13.31
-425.0
-125.0
-16509.93
-1926.72
-5503.31
-642.24
1926.72
5503.31
642.24
-801.85
-195.96
-56.77
-13393.98
-165.31
-187.56
-18.36
-3308.77
-45.79
-968.84
-13.26
-119.4
-2306.4
-30.0
-396.7
-642.24
-5503.31
-1926.72
500.0
550.0
-225.0
-43.0
-46.8
-821.34
-198.4
-56.77
-12233.68
-165.31
-96.16
-145.95
-846.99
-32.14
-192.12
-18.36
-11.36
-46.38
-3.57
-18.23
-3181.67
-94.04
-6.26
-13.26
-18.23
-944.34
-146.1
-12685.7
-176.78
-133.71
-545.36
-188.48
-50.5
-38.19
-3138.33
-96.71
-45.91
-25.25
-19.09
-861.79
-62.72
-13.28
-805.63
-196.39
-56.85
-17.55
-2572.5
-73.5
-6.48
-10.13
-31.34
-7.99
-12.6
981.41
-12906.65
-265.59
-372.21
-190.42
-47.0
-3231.34
-45.4
-46.08
-14.32
-918.07
-36.48
-13.26
-814.01
-197.2
-56.77
-59.99
-72.16
-36.79
-35.66
-17.96
-8.93
-182.13
-11531.5
-58.36
-1335.41
-23.25
-403.07
-180.41
-6.47
-339.98
-45.23
-2.58
-91.7
-2863.47
-22.07
-100.69
-13.26
-54.96
-794.92
-18.24
-778.6
-193.52
-56.77
-2000.0
-67.1
-12.14
-15.1
-15.92
-28.2
-36.92
-9.95
-11.84
-13.09
-2.49
-1.87
-100.0
-85.0
-166.77
-65.28
-13296.5
-175.39
-3158.8
-43.46
-12.09
-879.99
-749.83
-185.91
-51.75
-14.7
-3951.0
-702.4
-50.0
-13137.77
-181.7
-2395.69
-32.47
-991.46
-13.33
-776.78
-138.88
-57.07
37200.0
-330.0
-17.55
-64.35
-812.94
-145.07
-60.2
-13743.5
-190.14
-2376.18
-33.92
-984.57
-14.07
-47.62
-30.0
-40.0
-84.78
-197.9
-230.0
-1048.6
-1154.33
-2715.49
-14294.85
-10.0
-10.0
-15.0
-20.0
-20.0
-25.0
-35.0
-40.0
-16.5
-17.55
-19.49
-25.0
-25.0
-70.2
-350.0
-550.0
4200.0
-20.0
55.64
-3050.0
426.25
-5.32
-24.71
-62.5
-66.55
-70.0
-75.1
-110.0
-178.51
-513.0
-520.0
-612.05
-977.5
-1085.23
-2369.0
-14517.45
-110.0
662.75
768.0
-80.7
-191.9
-1010.15
-1131.28
-2676.05
-14022.86
-17.18
-29.68
-36.04
546.0
55000.0
-425.0
-1400.0
-1400.0
-1400.0
-472.5
7179.49
-5.85
-11.7
-52.65
-426.25
-69.84
-170.05
-919.98
-977.75
-2369.25
-12870.63
-513.0
-3050.0
-500.0
-816.82
1.08
603.35
-13.9
-26.85
-10.95
-11.95
-16.0
-23.0
-60.79
-205.85
-390.0
-395.0
-3284.0
-5.34
-21.37
-26.73
-69.85
-279.42
-349.27
-42.3
-57.86
-140.53
-816.06
-932.48
-1981.17
-12894.7
855.0
-7.86
-11.09
-21.99
-53.24
-80.97
-9.34
-72.08
3808.14
-105.0
-546.0
-99.99
1047.2
80.0
55.0
5.85
-5.85
-500.0
-55.29
-84.51
-786.94
-893.71
-1211.67
-12403.51
-5.85
-11.7
-58.5
-91.19
68.19
-1673.1
-2188.9
-513.0
-3050.0
-31.51
-50.96
-75.76
-719.28
-854.71
-1075.88
-11821.89
1500.0
-177.55
-1231.35
-1231.35
-618.0
-1047.2
-33.06
-46.36
-169.98
-1231.35
-33.06
-5.85
-11.7
-58.5
-196.32
-1203.25
-63.16
-100.16
-874.04
-889.84
-1416.74
-12145.96
-285.58
-513.0
-3050.0
-68.11
-108.28
-154.93
-889.59
-925.94
-1416.51
-12095.41
-99.1
-490.82
-73.44
-502.44
-613.21
-980.03
-17.95
-44.72
-101.98
-4.02
-4.49
-4.56
-4.59
-4.67
-5.09
-5.85
-7.79
-8.4
-9.45
-10.96
-10.98
-11.0
-11.7
-19.95
-20.27
-37.44
-39.13
-44.13
-52.65
-55.0
-63.15
-96.05
-100.14
-110.0
-145.0
-155.35
-870.18
-889.57
-1416.26
-12095.76
-48.29
-533.78
-1178.68
-1350.0
-3050.0
-513.0
-557.2
-135.0
-165.0
-225.0
-330.0
-63.13
-100.12
-595.0
-749.52
-889.31
-1416.01
-10259.55
-298.99
-1537.1
-138.0
-768.0
600.0
-6.21
-9.44
-14.7
-17.55
-18.72
-22.74
-40.95
-53.24
-60.0
-110.76
-142.79
-196.08
-16.96
-61.4
-96.74
-737.92
-867.54
-1372.0
-10105.09
-513.0
-3050.0
-927.9
-59.64
-93.15
-724.98
-844.63
-1324.79
-9936.61
-42.7
-66.25
-237.85
-2.13
-4.68
-11.7
-12.99
-15.79
-17.98
-23.49
-29.25
-31.13
-50.0
-200.0
-600.0
-851.96
-1044.41
2111.86
-49.95
-52.46
-62.3
-89.62
-98.23
-742.22
-878.78
-1391.51
-10169.22
-44.19
-250.0
1001.91
1931.37
-3050.0
4277.71
-46.44
-50.1
-62.44
-98.58
-743.36
-881.47
-1396.02
-10183.38
325.85
513.0
30.0
20.0
-513.0
-513.0
-9.56
-10.1
-13.19
-14.29
-18.72
-34.16
-39.93
-592.5
1800.0
-62.97
-99.79
-747.73
-887.62
-1411.43
-10241.41
-11.7
-11.7
-34.31
-112.5
-432.6
-371.31
-1799.25
0.64
-375.0
-400.0
-6.0
-250.0
-50.0
-485.0
-61.52
-96.88
-748.47
-869.33
-1373.72
-10250.51
2972.69
-29.44
-269.37
-513.0
-3050.0
-3.79
-4.02
-9.85
-10.0
-10.0
-12.46
-12.46
-15.0
-20.0
-25.0
-25.0
-25.0
-26.1
-30.0
-34.78
-36.92
-50.0
-50.0
-110.0
-260.0
-300.0
-450.0
-485.0
579.41
-312.0
-500.0
-1676.86
3827.4
-55.98
-85.91
-489.51
-680.24
-791.67
-1220.49
-8762.42
3327.06
1500.0
-3050.0
198.94
-20.16
-23.52
-86.19
-92.82
-2887.9
-45.92
-69.05
-75.0
-75.0
-75.0
-75.0
-75.0
-75.0
-75.0
-75.0
-75.0
-75.0
-75.0
-75.0
-75.0
-75.0
-105.25
-163.2
-163.2
-185.1
-185.1
-190.2
-190.2
-200.7
-200.7
-207.3
-207.3
-220.8
-220.8
-221.4
-221.4
-640.99
-750.0
-967.54
-1483.3
-1800.0
-2000.0
-8679.86
-17.55
-23.4
-41.59
-513.0
-55.93
-160.39
-5.85
-5.85
-5.85
-5.85
-5.85
-50.0
-81.84
-100.0
-203.65
-534.47
-1067.61
-2662.42
-6984.04
979.75
195.3
141.8
-5.85
-5.85
-7.58
-11.7
-11.7
-14.99
-14.99
-19.04
-198.94
-4766.8
29.25
-60.0
-432.97
-454.17
-761.74
-5731.24
-6147.47
-10435.47
-100.0
-3050.0
-513.0
-10.8
-11.55
-24.5
-24.5
-54.0
-74.88
-95.21
-203.17
-263.0
-657.61
-1326.85
-1977.2
-2886.27
-9111.1
-906.93
-1638.64
-11.7
-18.75
-20.27
-23.4
-24.92
-29.25
-30.0
-37.5
-50.0
-90.4
-141.8
-165.3
-307.1
-419.15
-473.1
-164.48
-300.0
-95.19
-203.16
-659.35
-1325.68
-2886.43
-9134.97
43200.0
375.25
-513.0
-3050.0
-15.0
-18.35
-37.82
-37.82
-139.15
-154.66
-375.0
-1200.0
-100.09
-208.16
-699.17
-1393.78
-2954.93
-9681.47
1145.0
350.0
-2.18
-4.67
-6.81
-10.67
-11.7
-13.99
-22.5
-29.25
-39.93
-71.42
-105.0
-352.75
-347.0
-490.4
-507.5
-717.5
-770.0
-1386.5
-1400.0
-1560.81
-3037.06
-3352.08
-6.34
-82.88
-104.07
-210.42
-731.54
-1461.02
-2999.06
-10211.19
-13.65
-513.0
-3050.0
535.9
357.85
-30.91
-67.14
-428.9
-939.0
-944.75
-13213.71
-13256.81
-944.54
-429.33
-26.01
-954.64
-3.0
-67.65
-0.99
-31.1
-23.4
-81.9
-350.0
-569.0
-1145.0
-33.75
-502.15
-5.65
-15.75
2021.89
600.0
-39.2
-2923.0
-13303.45
-944.55
-429.12
-938.02
-1015.54
-38.98
-70.34
-13.0
-31.97
-21.0
-579.41
-52.88
-11.36
-4072.5
-140.97
-56.03
-317.25
-301.08
-25.0
-148.51
-750.0
-92.84
-69.28
-2.66
-9.39
-30.18
-14.7
-30.0
-327.85
2270.0
-13265.16
-941.65
-428.52
-26.0
-950.93
-3.01
-68.26
-0.99
-31.29
324.65
-11.7
-35.1
-13374.3
-944.3
-429.37
-26.0
-959.21
-3.01
-68.5
-0.99
-31.4
-2923.0
-569.0
-1500.0
-14.7
-147.11
-34.64
-23.52
-4.02
-12.69
-200.0
-200.0
-200.0
-7.8
-10.32
-10.5
-10.95
-516.66
-109.0
-11526.65
-944.3
-428.87
-16.02
-823.03
-3.0
-68.48
-0.98
-31.4
-700.0
-55.0
-100.0
-395.0
-250.0
-125.0
-11.7
-29.25
-30.0
-294.65
-25.97
-604.5
-20.99
-1500.0
31260.0
-89.74
-14752.22
-100.17
-1244.82
-529.09
-16.0
-1077.42
-3.01
-91.49
-0.99
-39.04
-2923.0
-569.0
-37.44
-120.11
-16.04
-18.95
-14.7
-75.0
-27.18
-147.01
-2.42
-8.49
-6.85
-15.93
-9.45
-12733.03
-1214.79
-519.26
-23.92
-907.48
-4.55
-87.67
-1.53
-37.74
1880.55
925.1
219.9
-110.02
-50.0
-5.08
-10.08
1355.0
1966.19
1300.0
-19.87
-49.95
-12851.91
-1245.28
-529.33
-23.97
-916.45
-4.53
-90.02
-1.5
-38.6
-100.0
-758.78
4721.9
4048.03
-858.75
-5.85
-11.7
-11.7
-46.8
-925.1
-4065.0
-46.54
-75.0
-89.9
-219.9
-10.5
-1021.8
-2923.0
-569.0
-180.0
-12853.05
-1244.58
-528.87
-984.58
-95.43
-40.64
-385.0
-70.95
-11.7
-40.95
-11.7
-29.25
-96.3
-59.96
-7.03
-40.86
-62.4
-99.99
-10.99
-19.99
-14820.35
-1364.79
-1256.88
-532.89
-24.01
-1175.32
-4.5
-90.95
-1.49
-38.89
-188.23
-250.0
-37.12
-14454.38
-1545.81
-629.8
-24.0
-1042.08
-4.5
-113.65
-1.5
-46.55
-44.92
-2923.0
-569.0
-480.0
-349.0
1590.88
-11.55
-14442.79
-1606.06
-623.38
-23.96
-1043.29
-4.53
-118.19
-1.51
-45.99
-45.0
-905.25
-2.25
-1300.0
-15.69
-4.76
-35.0
-15.0
-10.0
-15.0
-5.0
-20.0
-15.0
-10.0
-35.0
-5.0
-15.0
-15.0
-2407.1
-304.23
1145.4
504.43
295.47
4500.0
-175.9
-13494.91
-1696.08
-626.13
-24.0
-970.6
-4.5
-125.17
-1.5
-46.25
-48.18
-243.57
-1068.4
27.5
-569.0
-2923.0
-4500.0
-1470.0
-12926.96
-1677.95
-625.89
-23.99
-932.37
-4.52
-123.78
-1.49
-46.24
1610.0
2498.6
100.43
6.28
-6.28
6.28
-3.14
-6.28
-10.79
-15.99
-11.81
-11.7
-23.4
-17.95
-19.98
-100.43
-13.44
-9.16
-17.8
-1145.4
-1590.88
-12.6
-504.43
-295.47
-37.44
-10.38
-6.44
-247.5
-12964.89
-1716.27
-626.12
-23.99
-935.32
-4.51
-126.73
-1.5
-46.22
-2923.0
-569.0
1495.65
-42.82
-28.81
-274.99
-149.33
-933.75
-20.59
-1.78
-6.57
-1757.4
-12904.31
-1656.52
-626.58
-23.98
-932.8
-4.51
-122.56
-1.51
-46.41
4679.02
3889.92
-109.99
-36.37
-289.8
-1160.0
-11.7
-29.25
-56.25
-348.6
3500.0
120.78
-12931.69
-1683.42
-625.87
-24.0
-934.76
-4.51
-124.72
-1.49
-46.37
-295.0
-295.0
-79.91
-15.68
-10.0
-35.0
-9.95
750.0
-2923.0
-569.0
5.0
-22.14
-97.25
-84.36
-64.4
-10.59
-60.0
-64.4
-15.49
-8.29
-9.17
-25.8
-67.16
-12999.32
-1729.82
-626.56
-24.0
-947.0
-4.51
-128.25
-1.49
-46.35
-1420.42
-775.68
-20.0
-20.0
-20.0
-10.0
-25.0
-30.0
-5.0
-1800.0
-1610.0
-30.0
-35.0
-10.0
-10.0
-10.0
-15.0
-5.0
-15.0
-20.0
-5.0
-14.49
-6.23
-54.47
-72.45
-2000.0
-10.0
-10.0
2500.0
-1420.43
-1145.4
-1000.0
-75.0
-316.96
-627.56
-614.44
-523.56
-466.02
-149.99
-45.57
-16.95
-17.55
-11.7
-28.89
278.74
148.18
-10838.41
-1780.18
-644.89
-24.04
-800.75
-4.47
-132.03
-1.49
-47.86
2500.0
600.0
-2923.0
-569.0
-60.84
-25.0
-11.0
-140.0
750.0
-10953.59
-1803.52
-645.82
-842.15
-138.79
-49.85
-1495.65
-1141.0
-600.0
-500.0
-2000.0
57.51
-278.74
-500.0
-10852.64
-1783.64
-638.79
-23.99
-801.95
-4.51
-132.3
-1.5
-47.3
-9175.99
-11.0
-1495.65
-11.7
-29.25
65300.0
-2923.0
-148.18
-81.23
-108.99
-569.0
-10745.46
-1776.59
-639.25
-24.09
-793.9
-4.47
-131.64
-1.44
-47.28
-239.25
490.65
-65300.0
-570.0
-145.0
-18.66
-11044.69
-1802.2
-644.2
-24.02
-816.72
-4.47
-133.63
-1.51
-47.71
-1125.0
-46.8
-30.0
-460.65
-36.78
-569.0
-2923.0
-43.64
8861.13
-11535.49
-1699.83
-681.27
-24.03
-851.84
-4.51
-125.38
-1.46
-50.35
251.83
-19.97
-61.79
519.37
-12307.31
-1826.29
-721.54
-24.02
-910.76
-4.51
-135.05
-1.47
-53.39
-240.0
-519.37
-23.4
-40.95
-18.13
-233.7
-19.35
-12353.85
-1827.24
-720.78
-24.05
-914.35
-4.46
-135.05
-1.49
-53.34
-2923.0
-569.0
-51.51
-12226.42
-1833.61
-723.5
-70.96
-912.81
-13.22
-137.06
-4.4
-54.25
-1145.26
-188.28
-68.61
-399.95
1300.0
3870.6
-2580.4
-1208.11
-95.1
-253.63
-225.81
-369.95
-519.37
-5.0
-24.9
-8.97
-3870.6
-11973.02
-1799.23
-711.2
-70.97
-893.57
-13.21
-134.29
-4.4
-53.28
-3655.0
-478.0
-47.17
-30.47
-166.0
-499.0
1338.0
-12063.67
-1801.24
-712.39
-70.96
-900.59
-13.21
-134.46
-4.41
-53.28
47.37
57.63
-595.0
-72.44
-790.5
-209.55
-34.28
-127.87
-1300.0
-890.0
-91.88
-295.0
-61.12
-22.74
-455.0
-15.0
-147.26
-36.0
-9.76
-12535.05
-2407.57
-832.89
-72.67
-935.31
0.04
-15.44
-179.06
-4.87
-61.99
965.0
826.82
-3655.0
-53.39
-2.14
-1625.0
2.14
53.39
1625.0
-60.0
-120.0
-455.0
-478.0
-12663.08
-2996.52
-945.23
-74.96
-943.07
-18.22
-221.85
-5.4
-70.18
-53.39
-2.14
-1625.0
7357.47
566.0
-1625.0
-14.5
-65.0
-14.5
-172.2
-102.5
15000.0
4571.26
650.0
-4295.85
-840.0
-15.0
-20.0
-10.0
-15.0
-15.0
-15.0
-5.0
-10.0
-22.05
-12410.33
-2986.61
-942.8
-74.93
-923.69
-18.24
-221.13
-5.41
-70.0
-186.51
-14.26
-14.68
-965.0
-47.37
-57.63
-702.0
-112.5
-12.32
-5.0
-225.31
-4571.26
21300.0
-15000.0
-3655.0
41499.33
-10.41
-29.58
-6.87
-40.01
-566.0
-478.0
30.0
-12410.79
-2986.95
-941.96
-953.4
-229.23
-72.08
-7.75
-59.0
18.13
258.3
176.4
500.0
-14.99
-4.38
-7.81
-500.0
-18.13
-176.4
-258.3
566.0
-12409.57
-2987.25
-942.8
-74.99
-923.53
-18.19
-221.02
-5.4
-70.01
2600.0
-500.0
250.0
106.16
267.24
-28.35
-18.13
-258.3
-176.4
-650.0
-3655.0
-478.0
-12815.86
-2986.49
-942.37
-20.01
-950.36
-7.99
-220.23
-2.0
-69.73
-240.0
-62.24
-289.98
-40.01
480.0
-1092.5
-50.0
-80.88
-29.0
-77.16
-267.24
-25.0
-17.85
-1300.0
-566.0
-30.92
-1300.0
-12855.12
-2986.88
-942.71
-20.0
-955.95
-8.0
-220.74
-2.0
-69.87
-819.2
-240.0
-240.0
-175.4
-51.0
-51.0
-51.0
-50.11
-67.48
-480.0
480.0
-12774.48
-2986.02
-941.73
-20.01
-949.78
-8.01
-220.73
-1.98
-69.74
-59.85
55.86
925.0
1561.0
-123.25
-1156.2
-822.5
-3655.0
-478.0
-150.0
-29.05
-665.33
-12559.59
-2987.68
-942.48
-20.02
-933.38
-7.99
-220.84
-1.99
-69.8
-373.01
-28.54
-25.0
-15.0
-25.0
-30.0
-10.0
-5.0
-15.0
-20.0
-5.0
-30.0
-10.0
-10.0
-5.0
-250.0
-45.36
-50.0
-990.0
-100.0
-66.43
-55.86
-14.7
-925.0
-6.96
325.0
-472.5
-2250.0
-222.0
-33.67
-51.85
-1561.0
-322.63
-194.1
-315.0
-2494.35
-9.97
-162.85
1219.91
-735.98
-12410.69
-2986.63
-942.47
-20.01
-921.92
-7.98
-220.8
-2.01
-69.81
-70.0
-3655.0
-478.0
925.0
65.0
-50.0
1145.4
642.69
4480.0
975.0
-12411.31
-2986.56
-941.78
-20.0
-921.99
-8.0
-220.77
-2.0
-69.7
-325.0
-61.9
-92.38
-2630.59
-4480.0
1415.0
-15774.78
-925.0
-1104.9
-12410.01
-2987.26
-942.43
-20.0
-921.91
-8.0
-220.83
-2.0
-69.78
1850.0
-77.21
-96.14
-15.97
-642.69
-1219.91
-975.0
-1145.4
-3655.0
-478.0
-1785.0
1510.49
-525.0
-42.46
-13152.57
-3125.25
-987.88
-19.99
-978.47
-8.03
-231.5
-1.98
-73.38
-145.0
35000.0
15000.0
-37.44
-325.0
-1850.0
-345.49
-740.8
-9.15
-50.0
-29.16
-1415.0
2070.4
-35000.0
-15000.0
-12323.62
-3094.08
-936.57
-20.0
-915.3
-8.0
-229.01
-2.0
-69.36
867.68
-69.67
-798.01
161.35
-119.33
-42.02
-186.51
186.51
2000.0
-840.0
-21.95
-4664.0
-8297.37
-3655.0
-478.0
-11539.35
-3066.74
-886.8
-19.98
-853.85
-8.01
-224.9
-2.01
-65.25
-925.0
-40.17
-35.0
-20.0
-25.0
-20.0
-30.0
-20.0
-20.0
-10.0
-25.0
-10.0
-15.0
-10.0
925.0
-50.0
-15.0
-1145.4
-129.3
382.55
-10986.79
-2733.54
-20.0
-815.41
-10.0
-197.05
-373.01
-28.53
3865.27
-1500.0
-2000.0
-25.48
-10.5
-925.0
-3655.0
-478.0
-50.0
-2250.0
-750.0
-382.55
-500.0
709.04
49.31
-758.35
66.31
-8.29
-58.02
709.04
49.31
-758.35
66.3
-8.29
-58.01
709.04
49.31
-758.35
54.22
3.8
-58.02
50.0
-10193.6
-2610.12
-783.21
-199.7
-21.95
-28.23
-705.0
-1.07
-668.0
-50.9
-65.27
-10193.61
-2632.56
-20.0
-758.41
-10.0
-189.33
-84.0
-125.0
-63.54
-2000.0
-1800.0
-342.24
-324.5
350.5
368.46
-50.0
-3656.0
-4930.41
-315.0
-15.0
-55.0
-18.96
-128.59
-350.5
-368.46
-2228.1
-10193.6
-2733.54
-20.0
-758.37
-10.0
-197.05
107.97
-479.0
-1867.66
-122.4
59.0
-525.0
-245.4
-107.97
-102.15
-1101.5
-302.45
683.18
68.71
-751.89
64.32
-6.8
-57.52
690.94
62.89
-753.83
64.91
-7.24
-57.67
237.9
-10103.09
-2708.3
-20.0
-751.47
-10.0
-195.13
-300.0
1029.38
658.34
-10064.3
-2722.33
-20.0
-748.0
-10.0
-196.2
35.87
536.6
-572.47
-0.44
29.06
-28.62
-764.8
1394.56
-629.76
-46.52
94.7
-48.18
123.42
-123.42
-78.5
-3656.0
-479.0
2749.23
-51.29
-24.94
-2687.15
-237.9
-105.0
2247.02
32.87
3640.11
-2749.23
-825.0
800.0
330.49
-2749.23
-1500.0
-337.29
-321.05
-221.04
-9619.11
-2068.27
-20.0
-714.14
-10.0
-146.24
-147.31
-883.84
-11.26
-67.61
-32.87
-1217.13
-669.89
-580.11
-1250.0
-1250.0
-1500.0
-330.49
-15.0
-50.0
-9523.92
-1925.6
-4617.11
-20.0
-706.83
-10.0
-135.32
-353.21
-2130.0
-1800.0
-159.9
-234.49
-560.0
-15.97
234.49
-3656.0
-479.0
24.63
-9523.96
-1925.6
-706.57
-139.8
1160.0
1000.0
1887.02
32.87
3080.11
25.0
-25.0
-234.49
-32.87
-1887.02
-3121.3
-3080.11
-138.47
-1349.85
-71.54
-29.59
-399.99
-126.59
-24.63
-28.59
935.0
-140.0
-1250.0
-68.47
-10.99
-10.0
-10.0
-15.0
-25.0
-40.0
-20.0
-20.0
-5.0
-25.0
-40.0
-15.0
-5.0
-25.0
-9523.94
-1925.6
-706.56
-139.79
68170.5
-1050.0
-600.0
-560.0
-123.0
-1000.0
-18.96
-485.0
-3489.0
560.0
-150.0
-120.0
-225.0
-9523.93
-1925.6
-709.28
-139.8
-1830.0
-1244.1
-2885.37
-20.89
-767.99
-250.0
-125.0
-812.0
-400.0
-400.0
-400.0
-71.8
-250.0
-1075.88
500.0
-9523.92
-1925.6
-385.12
-709.25
-139.79
-27.95
-32.49
1300.0
-560.0
-50.0
-77.4
-27.67
-12.96
-3489.0
-485.0
-9041.64
-2142.36
-2142.36
-671.67
-156.72
-162.72
3652.05
-68.68
-58.68
-180.0
-500.0
-425.0
-39.13
-705.0
705.0
373.88
-17.62
-222.65
126.37
-7.37
-9521.79
-2.89
-1925.61
-1925.6
-709.34
-139.8
-145.81
-192.56
-126.37
-14.72
-9.66
-1430.52
-2675.0
-977.05
-36.12
-15539.11
15539.11
-1300.0
356.12
500.0
-71.42
-373.88
-18.96
-6.0
-8.93
-164.27
-75.49
-35.0
-15.0
-5.0
-15.0
-25.0
-5.0
-25.0
-10.0
-5.0
-10.0
-20.0
-5.0
-25.0
-4.79
-485.0
-3489.0
-9481.66
-1925.6
-1925.6
-728.34
-147.42
-148.47
-1107.93
236.49
-1112.7
-64.72
-5767.81
-49.85
-356.12
-8233.3
-1925.6
-1925.6
-612.13
-139.79
-145.8
-600.0
-18.29
-160.89
-500.0
-800.0
-1103.08
-50.0
-285.79
1180.07
-3489.0
-485.0
-8127.3
-2186.85
-1925.6
-603.78
-159.79
-145.8
-205.79
-116.48
-26.56
-83.63
-21.93
-382.71
-285.0
-705.0
-75.0
-72.35
-16.9
-704.64
-1350.0
1350.0
-9475.2
-2214.35
-1925.6
-706.92
-161.88
-145.8
-220.0
-125.0
-59.86
-2098.0
-1350.0
-150.0
-475.43
-304.25
-9475.2
-2365.6
-1925.6
-702.83
-171.41
-145.8
-90.0
-485.0
-41697.0
-3489.0
41697.0
-1050.0
-118.29
-712.5
-930.0
178.4
-120.0
-1350.6
-76.4
-9475.2
-2321.6
-1925.6
-713.22
-168.05
-145.8
-240.7
-18.41
-10.0
-10.0
-10.0
-10.0
-10.0
-15.0
-20.0
-10.0
-30.0
-15.0
-15.0
-15.0
-10.0
-30.0
561.57
-47.25
-1367.25
1367.25
-7899.44
-2332.6
-1925.6
-585.2
-168.88
-145.79
-75.5
-178.4
-735.53
-1367.25
-611.63
-1800.0
-3489.0
-485.0
-135.0
1300.0
-34.93
-360.0
-62.42
-561.57
-164.22
-12.56
-7812.99
-2175.85
-27.68
-1925.6
-579.45
-159.03
-145.81
2100.0
-2100.0
-15.0
-7977.2
-2074.1
-1925.6
-592.03
-149.13
-145.79
-143.42
-18.98
-180.0
-3666.08
-1300.0
1500.0
-3489.0
-485.0
3890.0
-7477.0
-2322.04
-2129.54
-553.12
-168.39
-161.73
3600.0
-162.64
-215.54
-7543.29
-2269.07
-2142.57
-558.24
-164.34
-162.69
4100.0
-349.0
-1490.0
-1200.0
-1200.0
-2003.48
-36.0
-153.58
-28.3
-1500.0
-2000.0
-1050.0
-1050.0
-961.63
-15.97
-897.03
-173.61
-173.61
-68.63
-13.28
-13.28
-485.0
-3489.0
-6645.86
-2167.14
-1969.14
-511.6
-166.21
-152.13
990.3
-97.5
-990.3
-6.9
-25.0
-395.67
-45.0
50.0
-4779.98
-2368.06
-1087.04
-2142.56
-350.65
-255.07
-162.72
-27.23
-25.0
-10.0
-25.0
-45.0
-10.0
-35.0
-30.0
-15.0
-25.0
-40.0
-50.0
-25.0
27.5
1050.0
1050.0
500.0
-1050.0
-1050.0
-12.98
-5996.38
-1222.92
-198.0
-1925.6
-531.12
-15.15
-148.56
-3489.0
-485.0
-542.0
-636.0
355.11
-6618.5
-1358.8
-330.0
-1925.6
-589.13
-25.25
-148.57
-19.67
-500.0
500.0
-500.0
-9.0
-69.97
-2000.0
-1600.0
-6530.31
-1222.92
-33.0
-1925.39
-571.98
-2.53
-148.55
-164.08
-103.2
-12.96
-3489.0
-485.0
-199.55
-500.0
18.0
-18.0
-486.6
-18.0
-6181.09
-1358.8
-1925.6
-553.25
-148.55
-3284.4
-466.01
-311.76
-35.64
-23.85
1300.0
-467.34
467.34
-3471.68
-467.34
-1730.7
-1230.1
-1730.7
-287.23
-216.93
-133.39
-12.98
-74.48
-3489.0
-485.0
-68.8
250.0
32.45
-32.45
747.72
747.72
50.21
420.77
439.88
455.3
18.81
129.75
29.19
374.99
-1300.0
-3478.74
-1723.86
-1312.11
-1723.86
-747.72
-50.21
-251.99
-439.88
-18.81
-222.68
-29.19
-132.87
-32.45
-2.66
47.49
-1500.0
-250.0
-47.49
-15.28
-4284.48
-1713.6
-1299.15
-1713.6
-747.72
-420.77
-313.61
-455.3
-129.75
-220.91
-374.99
-132.07
-3489.0
-485.0
-57781.47
57781.47
-4284.48
-1713.6
-1299.15
-1713.6
-747.72
-420.77
-313.61
-455.3
-129.75
-220.91
-374.99
-132.07
4284.48
1713.6
1299.15
1713.6
747.72
420.77
313.61
455.3
129.75
220.91
374.99
132.07
-5826.64
-1384.38
-1713.58
1600.0
-6340.71
-1230.56
-1713.58
-253.77
-20.0
-10.0
-20.0
-10.0
-10.0
-10.0
-25.0
-25.0
-25.0
-25.0
-25.0
-10.0
-10.0
-15.0
2000.0
-12.9
-1300.0
1300.0
49650.0
37300.0
-1600.0
-123.0
-6340.71
-769.1
-1713.58
25450.0
-197.64
-2000.0
-6340.71
-1538.2
-1713.58
-1000.0
-1999.0
-1999.0
-2000.0
-597.51
-9.0
-16.99
-18.9
-359.18
-55.35
-34.4
-6340.71
-3023.53
-1713.58
-412.5
-6340.71
-1713.58
-1538.61
-635.48
-1153.25
-147.6
-1153.25
-13.6
-1105.48
-6340.71
-1384.38
-1713.58
-125.53
-34.1
-765.0
1300.0
-6340.71
-1538.2
-1713.58
12.9
656.3
2000.0
-1876.23
-2840.54
-12.9
-77.4
-179.43
-1300.0
-65.0
-25.0
-65.0
-25.0
-20.0
-25.0
-20.0
-15.0
-65.0
-50.0
-15.0
-15.0
-1140.59
-6340.71
-1384.38
-1713.58
-6340.71
-1538.2
-1713.58
-1587.25
-123.0
-23.13
-1587.25
-1640.95
-85.0
123.0
-1031.25
-123.0
-12.44
-24.28
-1275.0
-1010.0
-139.55
-41.25
-77.4
-17.5
-2000.0
-1713.58
-6340.71
-1384.38
-6340.71
-1538.2
-1713.58
-21.9
5888.28
-3427.16
-5888.28
3427.16
-6503.56
3427.16
6503.56
-3427.16
300.0
-6340.71
-1384.38
-1713.58
-757.0
-12.9
-18.43
-6340.71
-1538.2
-1713.58
-399.59
-31.5
-115.06
-250.0
-290.0
-5.0
-300.0
-4632.0
-130.25
-6340.71
-2768.76
-1713.58
207.0
-1232.24
1232.24
-1232.24
-90.34
-1215.0
-22.1
-6340.71
-1713.58
2675.0
-1070.0
-27.82
-207.0
-132.15
340.5
-6340.71
-1538.2
-1713.58
-1605.0
342.99
-39.95
-340.5
-91.74
-8.0
-7.13
-1177.5
-17.97
2007.51
5022.49
-6340.71
-1538.2
-1713.58
-60.0
-40.0
-30.0
-45.0
-40.0
-15.0
-20.0
-10.0
-15.0
-20.0
-30.0
-50.0
-30.0
-250.0
-16.6
250.0
-158.32
-342.99
-135.3
-33.36
-6340.71
-2636.5
-1980.0
-2000.0
1980.0
-12.9
-2000.0
-1980.0
-27.51
-1022.49
-978.75
-895.0
-28.0
-606.0
-614.62
-1468.0
3600.0
1950.0
-6340.71
-3251.78
-270.0
-157.5
500.0
-6340.71
-1230.56
-1713.58
500.0
-200.0
-1500.0
-675.0
-250.0
-1791.57
-2000.0
-1600.0
1784.19
-6340.71
-1076.74
-1713.58
-1784.19
-17.5
-9.69
-500.0
-547.5
-6340.71
-2461.12
-1713.58
-283.35
-388.5
-17.5
-6340.71
-1649.55
-6340.71
-769.1
-1649.55
-568.16
-291.01
-105.94
-500.0
500.0
-6340.71
-1230.56
-1649.55
-50.0
-35.0
-15.0
-40.0
-15.0
-15.0
-45.0
-20.0
-25.0
-25.0
-45.0
-8.3
-1500.0
-1500.0
-20.0
-500.0
765.04
-91271.51
-59414.19
-12368.34
12368.34
-6340.71
-1538.2
-1649.55
20942.49
1155.33
49573.47
-210.0
-6340.71
-922.92
-1649.55
-188.64
-636.62
7569.06
-1468.0
21732.0
-61.14
-10.6
1300.0
-97.77
-1155.33
-144.67
91271.51
59414.19
-1649.55
-6340.71
-1230.56
-1300.0
20797.82
-20797.82
-195.0
-189.91
-1633.19
-6340.71
-1538.2
-1649.55
191.75
-12.9
45.75
-6340.71
-1384.38
-1649.55
27.0
24840.0
-576.95
-62.85
-6340.71
-1384.38
-1649.55
-2396.2
-191.75
3300.0
-916.65
-74.45
-6340.71
-1538.2
-1649.55
-1214.11
-1350.93
-1372.61
1242.11
-17.5
-1261.74
-1242.11
2000.0
-2000.0
-19.99
-6340.71
-1345.93
-1649.55
-1300.0
-6340.71
-1538.2
-1649.55
1600.0
-12.9
-2000.0
-165.0
-1035.0
-1000.0
-1324.28
-6340.71
-1192.11
-1649.55
-698.0
-253.62
-1589.11
-1600.0
1652.98
-765.04
-1652.98
-1652.98
1652.98
-6340.71
-1538.2
-1649.55
-47.9
-45.0
-40.0
-5.0
-50.0
-10.0
-10.0
-55.0
-40.0
-10.0
-40.0
-35.0
-400.0
-209.97
-67.5
-6340.71
-1845.85
-1649.55
-224.67
224.67
367.7
-6340.71
-1649.55
22750.0
-6340.71
-1538.2
-1649.55
-76.5
-172.0
-367.7
-131.56
-6340.71
-1230.56
-1588.0
-543.75
-34.88
668.4
-290.5
-6340.71
-1538.2
-1588.0
-318.4
-237.0
-6340.71
-1538.2
-1588.0
237.0
-510.75
-221.25
-237.0
-350.0
250.0
-170.41
-1625.89
1625.89
-1776.78
1776.78
-22.1
-250.0
-6340.71
-2859.4
-1588.0
16.1
-232.5
-20.5
2750.0
-16.1
-15.4
-14.76
2100.0
-17167.8
-1588.0
-1776.78
-250.0
-6.9
1886.71
769.12
-769.12
769.12
-250.0
-500.0
-2000.0
6720.88
5029.12
-6720.88
-5029.12
-6983.5
-1588.0
-3251.81
2000.0
-157.5
-55.0
-25.0
-40.0
-25.0
-20.0
-25.0
-5.0
-20.0
-30.0
-40.0
-27.0
-1886.71
-577.0
-40.0
-1588.0
-1713.58
-9403.88
-1600.0
2100.0
-46.16
-2221.21
-1522.15
-261.44
-9403.88
-1588.0
-1713.58
-2100.0
-2000.0
2100.0
2000.0
-2100.0
-2000.0
-255.82
-693.75
-15.2
1191.0
-474.0
-9403.88
-1588.0
-1713.58
37.53
-28.1
-283.71
-19.0
-9403.88
-1588.0
-1713.58
500.0
20962.96
15539.11
-39.0
-375.0
-300.0
-157.5
63.75
-1191.0
1028.19
-9349.09
-1578.75
-1703.6
482.75
-9129.93
-1541.73
-1663.66
-500.0
48489.0
3659.42
-9129.93
-1541.73
-1663.66
10000.0
-10000.0
-9129.93
-1541.73
-1663.66
-10000.0
10000.0
-210.0
10000.0
-3659.42
36502.07
-36502.07
-63.28
-10000.0
31.64
-2.5
-30.0
-15.0
-5.0
-20.0
-15.0
-5.0
-10.0
-40.0
-25.0
-50.0
-5.0
-458.75
-9129.93
-1541.73
-1663.66
-32.7
-31.64
-350.0
-112.5
285.75
6000.0
-9129.93
-1541.73
-1663.66
-285.75
-9129.93
-1541.73
-1663.66
29.19
20250.0
-9129.91
-1532.44
-1663.66
-25.5
-52.53
-389.37
-195.2
-24.91
-178.5
-9129.93
-1457.69
-1663.66
659.25
1156.5
31968.0
-173.5
-35.5
1191.0
-9129.94
-1495.06
-1663.66
-1130.0
-52.2
-19.8
17.5
377.0
-9129.94
-1495.06
-1663.66
-73.0
-15.0
-73.0
-15.0
73.0
15.0
-262.68
-1191.0
-659.25
100.0
800.0
-9129.94
-1495.06
-1663.66
-100.0
-55.0
-30.0
-45.0
-40.0
-10.0
-45.0
-50.0
-35.0
-90.0
-60.0
-9070.18
-1495.06
-1663.66
3068.1
-150.0
-183.22
800.0
-120.91
-85.0
-30.4
-9070.18
-1495.06
-1663.66
-440.06
-9070.18
-1495.06
-1663.66
-800.0
-645.0
-9070.18
-1495.06
-1663.66
-59.83
-60.5
-52.0
-217.5
296.0
18200.0
-9070.18
-1388.89
-1663.66
-514.56
-17.5
-9070.18
-1388.89
-1663.66
351.9
-9070.18
-1388.89
-1663.66
-3068.1
-374.5
-528.75
-374.5
374.5
-800.0
-296.0
-250.0
-8995.06
-1356.34
-1663.66
-19.8
264.52
-19.8
-549.0
-151.04
-66.72
250.0
-9070.18
-75.12
-1421.44
-1663.66
-12834.59
-930.0
-264.52
-9070.18
-1388.89
-1663.66
-517.5
-16.8
50246.0
-250.0
-9070.18
-1388.89
-1663.66
-525.0
-15.2
-25.0
-19.21
-29.99
-9070.18
-1388.89
-1663.66
-9070.18
-1339.88
-1663.66
-350.0
-813.75
-9070.18
-1339.88
-1663.66
-230.5
-30.2
-104.25
-9048.05
-1336.61
-1659.6
200.0
-8848.93
-1307.2
-1623.08
-1156.5
-787.5
-1867.5
-12834.58
-8848.93
-1307.2
-1623.08
-8848.93
-1307.2
-1623.08
-1071.5
-65.0
-60.0
-40.0
-25.0
-20.0
-20.0
-35.0
-25.0
-20.0
-35.0
-30.0
-337.0
451.16
-200.0
-412.5
-37.5
-75.06
-377.0
-450.0
18.25
-108.5
-8803.39
-1307.2
-1623.08
459.0
-8803.39
-1307.2
-1623.08
500.0
-390.0
-459.0
-8803.39
-1307.2
-1623.08
300.0
-374.43
7.5
-161.0
374.43
22100.0
-8803.39
-1307.2
-1623.08
87.25
-500.0
-59.23
-374.43
-15.2
-10.0
-8803.39
-1307.2
-1623.08
71.25
-101.0
-25.0
257.0
-12834.58
-351.9
-15.2
-8803.39
-1307.2
-1623.08
25.0
-87.89
1400.0
22100.0
-300.0
-8803.39
-1307.2
-1623.08
-432.78
-351.9
-8803.39
-1307.2
-1623.08
-17.5
-8803.39
-1307.2
-1623.08
-528.75
-1371.0
-1028.0
-1498.2
-8803.39
-1307.2
-1623.08
-386.1
-591.76
-10.99
-10.0
-15.0
-5.55
-193.49
-34.37
-273.86
-10.0
-40.0
-30.0
-55.0
-25.0
-10.0
-15.0
-10.0
-30.0
-45.0
-30.0
-65.0
-40.48
-144.62
-8803.39
-1355.22
-1623.08
-95.0
-336.55
-70.0
-12.9
-312.48
-8803.39
-1068.8
-1623.08
-16496.25
-8803.39
-966.32
-1623.08
-48.0
-250.0
575.0
-300.0
410.0
-8803.39
-1332.43
-1623.08
-19.8
-559.45
-8803.39
-974.34
-1623.08
-575.0
-499.0
-15.2
-410.0
-550.0
-8803.39
-934.42
-1298.46
59.25
-650.6
-1440.75
-523.0
-431.0
-191.41
-150.0
-650.0
-8803.39
-858.2
15.27
-14.28
-540.0
-300.0
506.5
-506.5
-15.2
-1768.29
-8803.39
-924.75
-507.4
-2.1
-40.78
-45.14
-32.54
-7.0
-15.27
-9.4
-65.5
-22.5
-12.08
-138.92
-8.2
-54.28
-8803.39
-948.09
128344.0
-8803.39
-704.87
-324.62
-260.0
-822.5
2.1
40.78
45.14
32.54
7.0
15.27
9.4
65.5
22.5
151.0
8.2
54.28
3000.0
-28.1
-156.55
-8803.39
-739.87
-8803.39
-888.83
-457.5
-506.5
42.5
-802.5
-195.0
-8803.39
-894.85
-12.9
-44.0
-2.1
-40.78
-45.14
-32.54
-7.0
-15.27
-9.4
-65.5
-22.5
-151.0
-8.2
-54.28
-8630.85
-554.13
