-80090.0
-289.97
-2236.41
-663.75
-37.5
-96.0
-70196.96
-1996.29
-9562.59
-269.3
-13214.57
-1071.83
-56949.41
-4010.71
-1418.74
-1500.0
-4583.06
2095.69
4506.24
3930.0
5579.48
2500.0
415.24
2500.0
-4506.24
-2095.69
-6508.36
-337.09
-61350.29
-168.54
-7.5
-941.52
-4025.78
-5579.48
-2500.0
-415.24
-2500.0
520.0
10000.0
-3930.0
3200.0
-20032.68
-1062.0
-3228.15
-10000.0
-1000.56
-384.62
-71525.2
-535.67
-4278.32
-3200.0
-129.3
-215.44
-1000.94
-476.96
-71682.56
-94.26
-4279.82
-1062.0
-20032.68
-3228.15
16000.0
5000.0
-1640.47
-1044.77
-399.32
-3708.21
-70583.36
-801.55
-4467.24
-16000.0
-5000.0
520.0
7500.0
-990.15
-71193.08
-435.14
-4233.72
4078.92
5000.0
2867.58
-7500.0
2500.0
25043.03
265.96
-20032.68
-3228.15
-1062.0
-314.0
-6508.36
-1031.3
-1523.08
-63669.92
-1173.94
-1687.45
-4409.64
-5000.0
-2867.58
-4078.92
-216.7
-999.58
-71452.14
-768.5
-4274.18
-2500.0
-20032.68
-3228.15
-1062.0
2500.0
2500.0
-1000.41
-70146.32
-2291.02
-4277.68
79.0
-25043.03
-265.96
5921.08
2524.23
-334.68
-978.65
-70423.8
-178.86
-4184.6
-2500.0
-2500.0
-1062.0
-1030.88
-70486.92
-450.42
-4407.86
-6496.83
-1033.17
-96.0
-3924.09
-63002.58
-1030.5
-1173.38
-4417.48
2000.0
2500.0
3000.0
7000.0
10000.0
10000.0
7000.0
-1062.0
24.08
-978.29
-70814.26
-123.08
-4183.16
-5921.08
-2524.23
-453.92
-6847.1
-981.0
-337.09
-63252.96
-209.93
-4194.75
-2500.0
-2000.0
-976.46
-70783.5
-4175.14
-60098.04
-9684.45
-1062.0
-971.97
-70475.07
-4155.98
-3000.0
-1.7
-117.69
-7.29
-1062.0
-20032.68
-3228.15
-1062.0
-992.19
-70400.64
-4242.53
-4806.46
-6816.26
-63500.4
-1400.0
-220.33
-1310.23
-1124.13
-7719.73
-1030.5
-7000.0
-12.92
-60098.04
-9684.45
-20032.68
-3228.15
-10000.0
9684.45
20032.68
3228.15
-4083.36
288.51
-70079.69
-954.95
-3228.15
-20032.68
-9684.45
-4082.45
-1395.19
-67942.55
-76.43
-438.52
-954.77
2500.0
1912.66
3000.0
2315.32
2500.0
4375.0
0.3
-7000.0
-10000.0
-926.61
-505.64
-67309.13
-570.09
-2912.53
-1024.24
-2408.62
-4379.56
-9514.0
-3486.83
-2500.0
4000.0
5378.4
1078.94
148.18
2479.23
-2315.32
-3000.0
-1912.66
-4375.0
-2500.0
-1062.0
-692.31
-68644.72
-1706.69
-615.18
-94.5
-988.77
-1968.5
-4227.77
5500.0
2000.0
3000.0
2500.0
17000.0
8500.0
493.76
-4000.0
-148.18
-2479.23
-1078.94
-2739.77
-2638.63
-25740.0
-20000.0
-6147.15
-1251.7
-59449.46
-3101.51
-723.2
-5352.06
-1062.0
-27.73
-5500.0
-2000.0
-3000.0
-6000.0
-87.0
-372.0
-2500.0
-1062.0
-17000.0
-8500.0
-493.76
-68564.06
-1007.28
-3878.53
-4306.95
292.6
4621.6
1627.93
8500.0
10000.0
-1627.93
-10000.0
-5892.74
-4621.6
5000.0
5000.0
2500.0
3000.0
-4985.0
-8500.0
-292.6
-68076.67
-1102.16
-11719.55
-4985.0
-4712.56
-5000.0
-3000.0
-2500.0
-5000.0
520.0
1279.69
-34487.0
-15493.0
-4139.85
-1279.69
-67555.07
-968.15
2000.0
-2000.0
5000.0
2500.0
1000.0
-100.0
-336.15
-5504.98
-8000.0
-67612.8
-968.41
-1781.59
-6833.98
-1000.0
-18103.0
-2500.0
-5000.0
-83.0
-2380.0
-2400.0
-5058.91
-67893.14
3000.0
3000.0
2500.0
1.75
-20000.0
-1667.5
-5056.09
-68589.5
-18.14
-2500.0
-3000.0
-3000.0
5000.0
3000.0
-32.14
-420.19
-4975.44
-69055.45
30533.25
-83.0
-2380.0
-18103.0
1814.87
-3000.0
-5000.0
-1000.0
1.5
-30533.25
-230.77
-308.83
-4036.89
-4904.44
-68018.68
4848.8
3500.0
1500.0
1000.0
-1180.85
-1814.87
-1000.0
-1500.0
-3500.0
-4848.8
-5004.33
-69418.91
-275.34
-668.66
652.18
-83.0
-2380.0
-18103.0
2000.0
500.0
-652.18
-5399.26
-5910.0
-68671.53
3500.0
3000.0
3000.0
2500.0
-341.48
-500.0
-2000.0
-4912.73
-68221.67
-2500.0
-3000.0
-3000.0
-3500.0
10000.0
3000.0
-83.0
-2380.0
-18103.0
117.69
9.03
-5204.42
-67991.15
-103.05
-2896.95
3000.0
-10000.0
-3000.0
-4794.36
-66673.74
-560.68
13035.52
8767.74
5000.0
3000.0
250.0
-18103.0
-83.0
-2380.0
6000.0
2500.0
2500.0
2500.0
1847.82
1813.28
1463.35
158.69
-5000.0
-8767.74
-1941.98
-5255.44
-70795.89
-250.0
-3000.0
-5924.86
-7110.66
-158.69
-1463.35
-1813.28
-1847.82
-2500.0
-2500.0
-2500.0
-6000.0
1.5
5000.0
-313.0
-3120.0
-4090.91
-5198.15
-68943.17
-830.7
13000.0
8000.0
5000.0
4150.2
2500.0
2500.0
2500.0
827.57
-2500.0
-5000.0
-8000.0
-83.0
-2380.0
-18103.0
-827.57
-2500.0
-2500.0
-4150.2
-5000.0
-13000.0
-5279.33
-73124.58
11000.0
8500.0
4000.0
1072.49
269.31
-641.4
7500.0
5500.0
5000.0
4637.54
3732.26
2500.0
2351.82
362.46
-269.31
-1072.49
-4000.0
-8500.0
-11000.0
2500.0
-362.46
-2351.82
-3030.0
-3732.26
-4637.54
-5000.0
-5010.07
-5500.0
-7500.0
-10000.0
-67205.84
-2523.07
5281.8
1739.62
-2500.0
-1498.46
-18103.0
-83.0
-4850.01
-67440.33
-1739.62
-4614.25
5000.0
3000.0
2874.18
2500.0
2500.0
252.08
57.55
-5000.0
2380.0
-2380.0
-2380.0
-4307.24
1900.0
-57.55
-252.08
-2500.0
-2500.0
-2575.6
-2874.18
-3000.0
-5000.0
-5054.01
-5281.8
-67529.34
520.0
7427.51
6236.01
2500.0
951.5
100.0
-95.51
-1248.48
3.75
-100.0
-951.5
-1900.0
-2500.0
-6236.01
-7427.51
-4805.53
-67004.36
8000.0
1449.52
178.57
109.41
-83.0
-2380.0
-18103.0
840.5
-13000.0
-13800.0
-178.57
-1449.52
5767.3
5000.0
5000.0
2500.0
2500.0
2500.0
2500.0
-245.54
-3209.92
-4947.51
-5605.0
-67451.84
-109.41
-8000.0
-18103.0
10000.0
10000.0
10000.0
7500.0
7000.0
4536.65
4000.0
3551.2
1500.0
-2500.0
-2500.0
-2500.0
-5000.0
-5767.3
-4818.53
-66954.34
-2500.0
-5000.0
-83.0
-1939.85
-2380.0
6000.0
5601.24
4000.0
3000.0
2172.43
1641.35
783.55
-1500.0
-3551.2
-4000.0
-4536.65
-7000.0
-7500.0
-10000.0
-10000.0
-10000.0
-5212.31
-68094.05
13000.0
5000.0
4900.0
2971.82
2333.04
577.5
0.5
-192.13
-192.43
-192.43
-192.95
-193.38
-200.4
-200.4
-277.23
-382.45
-783.55
-806.8
-1189.32
-1621.43
-2172.43
-3000.0
-5601.24
-6000.0
6.25
-2971.82
-4900.0
-13000.0
-4874.03
-67714.39
-18103.0
9521.36
2500.0
2422.5
1695.5
-83.0
-2380.0
-577.5
-1586.56
-2333.04
-3413.44
-98.24
-274.45
-1009.61
-4890.26
-7824.24
-67963.55
2000.0
-1695.5
-2000.0
-2422.5
-2500.0
-9521.36
10000.0
8500.0
5000.0
2500.0
2500.0
1.0
-2500.0
-2500.0
-5000.0
-8500.0
-10000.0
-10000.0
-4889.79
-67956.54
15000.0
2500.0
1173.77
-450.0
-5846.8
-10000.0
-10000.0
-10391.51
-83.0
-1173.77
-2380.0
-2500.0
-15000.0
-18103.0
30000.0
11222.08
10000.0
8500.0
5825.85
5000.0
2700.0
2500.0
28760.25
16938.79
9930.42
9177.7
2159.4
1177.84
-2.03
-27.39
-4851.5
-67456.01
-2700.0
-5000.0
-5825.85
-8500.0
-10000.0
-11222.08
-30000.0
-1177.84
-2159.4
-28760.25
-2500.0
-9177.7
-9930.42
-16938.79
7500.0
5000.0
2500.0
1816.73
-20.42
-52.31
-54.29
-55.89
-122.71
-266.76
-709.61
-727.48
-748.14
-776.8
-1663.62
-4299.99
-5378.0
-10154.24
-60066.56
-83.0
-2380.0
-7000.0
-18103.0
-877.83
-938.9
-2500.0
-4216.51
-5000.0
-7500.0
-765.0
-10000.0
9977.81
2071.28
1871.89
-4514.44
-62908.28
-64403.44
-30.0
-4659.65
-1871.89
-193.33
-735.54
-1142.41
-9977.81
2.5
-2311.0
-83.0
10000.0
12000.0
2500.0
-20047.0
-86393.09
-1710.0
-6469.98
-5500.0
-3000.0
-3000.0
-3560.12
-439.88
-12000.0
-18.0
-153.06
-2500.0
2500.0
-62355.96
-30.0
-4505.33
5000.0
6069.58
35239.75
-2500.0
-63017.08
-30.0
-4555.92
-20047.0
-2311.0
-83.0
-5000.0
-35239.75
-6069.58
10000.0
30000.0
10000.0
1954.34
5000.0
2179.93
10000.0
-62240.58
-1287.5
-30.0
-4596.17
-2478.57
-189.59
40000.0
-30000.0
-10000.0
-1954.34
-2179.93
-5000.0
-10000.0
7000.0
10000.0
-62755.96
-30.0
-4537.08
0.01
-10000.0
-1042.16
5000.0
-20047.0
-2311.0
-83.0
-7000.0
-10000.0
-5000.0
862.37
2500.0
-62497.95
-1883.07
-3030.0
-30.0
-4893.2
2500.0
2500.0
2500.0
2520.77
-2500.0
-862.37
-1229.26
1.0
2500.0
12500.0
15000.0
-2500.0
-2500.0
-2500.0
-2520.77
-59873.58
-40.0
-4760.27
-15000.0
-2500.0
-12500.0
5000.0
-20047.0
-2311.0
-83.0
-65273.29
-4995.7
-5000.0
-2418.82
-2581.18
2500.0
2500.0
7500.0
2645.03
12500.0
-36.33
-68755.41
-1922.5
-7120.0
-40.0
-5685.83
-104.21
-282.4
-29.58
-2500.0
1466.81
2500.0
10000.0
-12500.0
-2500.0
-7500.0
-2645.03
-640.0
-270.0
-10000.0
5000.0
3000.0
322.48
5000.0
2399.35
2410.0
1125.65
-1466.31
-2500.0
-68141.94
-40.0
-4941.6
-20047.0
-2311.0
-83.0
-933.67
520.0
-5000.0
-3000.0
-678.59
-678.59
-976.08
-699.92
-456.04
-399.16
-411.7
-699.92
-2399.35
-2410.0
-1125.65
7500.0
3500.0
2500.0
2000.0
10.0
-3587.53
-322.48
-7500.0
-3500.0
-65523.3
-40.0
-4749.31
-2772.46
-212.09
16000.0
2500.0
2000.0
6340.6
1041.67
6616.21
2500.0
11000.0
10000.0
10000.0
1568.0
3539.0
1.0
-2542.25
-1796.33
-703.67
-2000.0
-6616.21
-2500.0
-10000.0
-11000.0
-10000.0
-16000.0
-6340.6
-1041.67
-2500.0
-2000.0
5000.0
13000.0
5000.0
6000.0
1000.0
100.65
90.0
75.0
5356.25
2500.0
-2079.0
-52.78
-67942.25
-40.0
-4934.38
-2311.0
-83.0
-20047.0
-3539.0
-10533.69
-1568.0
2500.0
7500.0
15000.0
2500.0
-3000.0
-3000.0
-13000.0
-5000.0
-5000.0
-65352.48
-12865.5
-40.0
-4916.81
2500.0
-1000.0
-100.65
-90.0
-75.0
-5356.25
-2500.0
-1008.4
-2500.0
-7500.0
-2500.0
-15000.0
3000.0
2500.0
1000.0
2500.0
9312.67
1225.0
-2265.45
-64967.87
-40.0
-4709.6
-20047.0
-2311.0
-83.0
-2500.0
-5056.0
2500.0
2500.0
5000.0
2500.0
6000.0
-9312.67
-1225.0
-3000.0
-1000.0
-2500.0
-2500.0
-63955.04
-1431.0
-40.0
-4640.14
2500.0
2500.0
460.0
-5000.0
-3076.8
-2923.2
-2500.0
-956.24
-1304.96
-200.8
-38.0
-2500.0
2500.0
6000.0
3958.33
5000.0
-584.0
-201.75
-460.0
-2500.0
-2500.0
-65717.93
-40.0
-4772.32
-6000.0
-3958.33
-5000.0
-2500.0
-20047.0
-2311.0
-83.0
-1778.56
-21771.25
-16582.92
14870.78
1493.67
2500.0
2500.0
-62070.09
-571.07
-1547.98
-40.0
-4502.5
-155.44
3.0
-1493.67
385.6
891.51
3052.95
-2500.0
-2500.0
3000.0
3750.0
-14870.78
3.0
1.75
-54453.86
-40.0
-3945.41
-2603.69
-199.21
-6990.11
-755.65
-2297.3
-53.72
-891.51
-385.6
-20047.0
-2311.0
-83.0
-3750.0
-3000.0
21049.45
3520.0
13883.0
2500.0
2500.0
-53610.02
-4103.2
-6855.14
22607.31
6624.57
-2500.0
-21049.45
-13883.0
2500.0
1180.0
2500.0
-2500.0
-3520.0
4.0
3.0
1.0
-50091.33
-40.0
-3613.54
-7483.58
5000.0
4048.0
-2500.0
-24.46
-1180.0
-22607.31
-2500.0
-2620.82
-1625.35
-1325.29
-1053.11
2500.0
998.61
-20047.0
-2311.0
-83.0
-5000.0
-4048.0
-53615.66
-40.0
-3893.17
-6955.87
407.0
13165.89
32006.05
9500.0
-7.68
-2500.0
-998.61
-13165.89
-32006.05
-407.0
-9500.0
-52570.54
-40.0
-3821.12
-6544.56
10000.0
740.76
9108.49
12000.0
1939.78
2500.0
-83.0
-2311.0
-20047.0
-7000.0
2.0
-53015.28
-35.79
-317.52
-1376.66
-40.0
-3852.41
-2.75
-134.95
-6237.82
1174.77
-317.18
-423.58
-12000.0
-1939.78
-2500.0
-10000.0
-9108.49
-115.3
769.99
53.55
-54236.87
-40.0
-3921.77
-7752.39
-593.05
-1825.77
-1174.77
-59558.05
-40.0
-4312.84
-20047.0
-2311.0
-83.0
5.5
-37061.1
-1431.0
-2835.19
-57995.24
-275.74
-4236.3
10000.0
406.14
2500.0
2500.0
2500.0
2000.0
6500.0
-1424.93
4108.5
3000.0
-97.72
-406.14
-2500.0
-10000.0
1165.34
131.34
724.11
1.0
1.0
1.0
1.0
-7500.0
-6500.0
-2500.0
-2500.0
-2000.0
4.0
-56456.28
-275.74
-4118.54
-20719.0
-2116.0
-3000.0
-4108.5
-131.34
-1165.34
-724.11
1.75
1595.6
15396.91
6834.11
-2509.09
-5500.0
-57623.79
-259.62
-275.74
-4236.67
3.75
273.46
5000.0
-1595.6
-6834.11
-15396.91
-273.46
-5000.0
-59318.11
-1211.54
-310.03
-4436.45
11900.0
2500.0
-20719.0
-2116.0
5.0
1.0
-58654.3
-344.32
-4290.33
-2500.0
1.25
-11900.0
2500.0
1243.75
-1030.26
783.26
2500.0
5000.0
5000.0
1351.55
-2500.0
-59121.36
-344.32
-4326.11
-2505.61
-191.69
-5500.0
-783.26
-2500.0
-20719.0
1.0
-1351.55
-5000.0
-5000.0
-2116.0
-60001.94
-4591.77
888.68
1500.0
5192.7
490.91
-10000.0
10000.0
9614.4
8250.0
-472.76
-5192.7
-888.68
-1500.0
-490.91
1500.0
1000.0
2621.13
1713.51
578.51
-122.96
-65681.38
-1846.16
-388.61
-4958.94
-9614.4
-10000.0
7.0
2500.0
2889.4
629.54
3060.22
2500.0
-1713.51
-578.51
-1500.0
-1000.0
-2621.13
-184.55
-20719.0
-2100.0
-2116.0
-2889.4
-2500.0
-60337.34
-80.0
-4382.66
26597.04
-629.54
-3060.22
-2500.0
0.5
-20000.0
3700.0
3554.85
2500.0
2361.1
-26597.04
-60964.8
-80.0
-4430.69
2028.6
315.22
2078.5
-25000.0
-625.0
-625.0
-625.0
-625.0
-3700.0
-3554.85
-2361.1
-5000.0
-2900.0
7232.93
1972.0
3500.0
-60799.3
-80.0
-4418.09
-2028.6
-315.22
-2078.5
-10100.0
5000.0
2500.0
5000.0
1558.43
1062.46
2062.46
2000.0
2000.0
2500.0
-2116.0
-20719.0
-3500.0
-1232.93
-6000.0
-1972.0
10000.0
408.41
5000.0
634.36
4421.5
1695.67
2195.66
1.0
-62074.03
-24.0
-80.0
-4521.17
-2177.24
-166.57
-5000.0
-2500.0
-5000.0
-5238.53
-1062.46
-2062.46
-2000.0
-2000.0
-2500.0
3500.0
7500.0
2700.0
2500.0
300.0
10000.0
279.81
2500.0
-621.39
1.0
-4421.5
-5000.0
-408.41
-10000.0
-317.18
-317.18
1.0
-300.0
-10000.0
-279.81
-2700.0
-2500.0
-7500.0
-2500.0
-478.33
-521.12
-485.3
-455.34
-517.62
-331.44
-501.49
-209.36
2500.0
2080.01
1219.32
1320.0
1211.06
-60902.86
-80.0
-4422.36
-20719.0
-2116.0
0.75
1600.0
2363.14
7500.0
15500.0
2500.0
-1320.0
-4812.98
-2500.0
-1211.06
-1219.32
-1695.67
-2195.66
-2080.01
2.25
-1600.0
-7500.0
-2363.14
-2500.0
-15500.0
2500.0
5000.0
485.27
414.6
2500.0
1000.0
2500.0
-61165.43
-80.0
-4442.37
12500.0
1957.83
6500.0
-2500.0
-1000.0
-2500.0
-414.6
-5000.0
-485.27
1.0
3.0
252.89
-1957.83
-6500.0
-12500.0
-60667.8
-80.0
-4404.29
-2500.0
-20719.0
-2116.0
-243.1
1237.85
2500.0
20000.0
3403.41
-510.0
3.0
-59993.47
-80.0
-4357.97
-2500.0
-20000.0
-252.89
-3403.41
-1237.85
2921.05
324.01
5000.0
14788.17
-504.98
2257.37
5000.0
10000.0
5000.0
5000.0
-2921.05
-324.01
-5000.0
-61273.59
-80.0
-4453.36
9566.26
26137.27
2500.0
-5000.0
-5000.0
-5000.0
-10000.0
-1046.31
-1211.06
3.0
-26137.27
-9566.26
-2500.0
-14788.17
-20719.0
-2116.0
-61550.48
-80.0
-4467.27
3582.65
1652.59
2500.0
1326.21
9096.59
1180.38
-2000.0
10000.0
5000.0
1149.57
317.18
3135.79
2500.0
1211.06
-7025.23
-1180.38
-2500.0
-1326.21
-10000.0
-3582.65
-257.1
-1018.8
-376.69
-9096.59
-61670.74
-80.0
-4476.52
-2731.79
-208.97
-1970.16
1307.7
2500.0
2500.0
2500.0
13000.0
-1149.57
-317.18
-5000.0
-3135.79
-20719.0
-2116.0
-5000.0
-1211.06
-2500.0
500.0
-61496.99
-4720.65
-2500.0
-933.26
-374.44
17637.82
3000.0
12509.09
-13000.0
-2500.0
-2500.0
-192.71
3.0
9500.0
2500.0
1000.0
1100.0
5500.0
1500.0
626.32
4000.0
1171.64
2657.65
3.0
8.25
-4515.0
6.5
-61863.91
-80.0
-4497.95
-17637.82
-2500.0
-9500.0
-5500.0
-1171.64
-2657.65
-3000.0
-12509.09
2239.19
4500.0
1581.55
1235.26
2368.66
2500.0
-1000.0
-1100.0
-4000.0
-1500.0
-626.32
-1714.26
-4500.0
-2500.0
-1581.55
-2368.66
-1235.26
-2239.19
-20720.0
-1076.9
-138.46
-92.97
-60247.23
-287.5
-80.0
-4398.64
2500.0
2000.0
2000.0
6008.32
-2117.0
-2378.14
2.0
19336.38
1460.52
-3004.16
-3004.16
-2500.0
-2000.0
-2000.0
1420.52
2109.94
32656.78
25000.0
8000.0
3.0
-1460.52
-19336.38
23683.34
2500.0
241.91
2909.03
2129.99
-60250.38
-90.0
-4377.48
-0.06
-32656.78
-25000.0
-8000.0
-898.88
-1211.06
-1420.52
-3445.76
3.0
15000.0
5891.5
7500.0
2500.0
2005.14
7919.99
-241.91
-2909.03
-2500.0
-2129.99
-60167.9
-162.0
-90.0
-4371.52
-12.14
3.75
4.0
-15000.0
-7500.0
-3958.34
-3961.65
-2005.14
-5891.5
-2500.0
-20720.0
-2117.0
5500.0
2500.0
10388.0
15433.74
2070.11
22500.0
-15433.74
-2070.11
-10388.0
-5500.0
-2500.0
-22500.0
-23683.34
56.75
151.0
1993.0
2404.2
275.42
4526.96
2062.46
2253.72
26466.0
0.75
-59395.19
-201.92
-1396.0
-90.0
-4327.51
-7228.68
-553.01
-151.0
-1001.77
1.0
1.0
-1193.14
-1211.06
-275.42
-4526.96
-2062.46
-2253.72
-1993.0
-6838.77
-59546.63
-90.0
-4324.56
-20720.0
-2117.0
500000.0
-500000.0
11575.27
2500.0
5000.0
2000.0
2500.0
-59641.08
-5509.0
-500.0
-4799.01
-38.29
2006.33
-26466.0
2500.0
5000.0
9315.76
319.0
5000.0
2500.0
5000.0
2005.14
-2500.0
-1211.06
-10364.21
-2500.0
-5000.0
-2000.0
3693.04
-2006.33
-5000.0
-5000.0
2500.0
1539.0
5000.0
4000.0
2105.23
-5000.0
-9315.76
-319.0
-2500.0
-2005.14
-2500.0
-5000.0
2.0
3000.0
4844.24
6500.0
-19000.0
-27000.0
-3519.0
-59558.43
-4371.35
-109.7
-5000.0
-4000.0
-2500.0
-1539.0
-2105.23
-3693.04
2500.0
3125.0
2932.07
9500.0
2117.0
-5000.0
-3000.0
-6500.0
-4844.24
-5000.0
-2102.0
-19283.0
3000.0
1264.74
2500.0
1451.08
2500.0
2500.0
-3125.0
-2932.07
-9500.0
-2500.0
-2117.0
-59640.49
-4371.81
-1451.08
-2500.0
-2500.0
29289.08
30716.35
2500.0
699.0
1202.62
5286.12
-3000.0
-1264.74
-5500.0
3305.98
4111.32
10000.0
8209.68
1213.08
-59450.17
-4357.22
-2082.56
-699.0
-1202.62
-2500.0
-2500.0
-1180.38
-1495.15
-2610.59
-34705.95
-30716.35
1107.72
919.03
565.97
-2440.1
-4111.32
-10000.0
-8209.68
-1213.08
-865.88
-19283.0
-2102.0
1.0
-58469.87
-1425.0
-4282.27
-919.03
-565.97
-1107.72
6891.18
5514.73
12500.0
6500.0
20209.34
2500.0
-119.84
-77.69
-15.12
-59132.28
-4332.89
-0.03
-2390.95
-182.94
-5514.73
-20209.34
-12500.0
-10600.0
-6500.0
-6891.18
-2500.0
2500.0
564.51
2500.0
2500.0
3913.9
2307.3
3523.64
880.54
9477.61
-2102.0
-19283.0
-60608.38
-4637.91
1275.0
2313.5
5000.0
3125.0
11175.87
-2500.0
-564.51
-2500.0
-2500.0
-3523.64
-880.54
-9477.61
-11970.55
-3913.9
-2307.3
2.0
3000.0
-3125.0
-61101.32
-4471.53
-2313.5
-1275.0
-5000.0
-2307.3
2307.3
-3400.0
1501.39
2538.28
-11175.87
29.25
-322.98
-3000.0
11.0
-19283.0
-2102.0
-60148.42
-4406.43
-1501.39
-2538.28
1.5
2475.0
1.0
3000.0
2500.0
14600.0
2500.0
2500.0
1083.57
2700.0
3000.0
732.33
27121.09
3163.44
-1059.06
-2500.0
-3000.0
1.0
-59447.77
-2850.0
-4356.62
2225.42
1239.7
2500.0
18050.24
-2500.0
-2500.0
-2700.0
-732.33
-27121.09
-5133.44
-3000.0
-14600.0
-1083.57
-7000.0
2.0
-1239.7
-18050.24
-1143.5
-160.0
-12.24
4.0
-3500.0
-3400.0
-750.0
-1462.5
-57924.0
-4222.62
4.0
-2244.88
4.0
-2225.42
-2500.0
1.0
-2102.0
-19283.0
907.67
2000.0
7109.54
2800.0
1205.82
4697.27
927.86
5000.0
-3500.0
-3400.0
-3230.0
-767.5
-14493.18
-1267.67
-57354.6
-4179.07
-994.91
-271.8
-291.35
-495.29
-311.54
-514.86
-76.11
-20.79
-22.3
-37.88
-23.83
-39.38
-3644.9
-1052.37
-7109.54
-2800.0
-725.48
-480.34
-1267.67
-2000.0
-605.26
-322.6
1267.67
2500.0
3000.0
2000.0
804.33
804.34
3000.0
3000.0
1018.9
157.09
2737.5
4616.41
1505.54
6000.0
1733.51
2500.0
1.5
4.0
-5000.0
-1505.54
-1018.9
-3000.0
-3000.0
-1553.85
-106.7
-53304.3
115.38
-3873.25
-3000.0
-2000.0
-804.33
-804.34
-157.09
-2737.5
-4616.41
-2500.0
-2500.0
-1733.51
-6000.0
2.0
-19283.0
-2102.0
2254.76
2500.0
3000.0
-2500.0
-2254.76
1960.0
4040.0
4000.0
2500.0
2344.79
701.49
2500.0
2500.0
4643.62
-3000.0
-55906.87
-4073.14
-2500.0
-4643.62
-2500.0
520.0
2500.0
2500.0
2500.0
-2344.79
-701.49
-4000.0
-2500.0
-3500.0
-3000.0
-3526.96
-3385.0
-900.0
1.5
-1960.0
-4040.0
3.0
25.0
-112.52
-56936.9
-1776.06
-4287.75
-4357.33
796.0
7500.0
605.26
-3074.78
-2500.0
-2500.0
-2500.0
-19283.0
-2102.0
725.81
-7500.0
-54653.25
-2733.0
-3989.23
-796.0
-605.26
520.0
-7000.0
-5000.0
-100.0
-2007.5
-592.5
3.75
-725.81
42740.72
1000.0
1000.0
1000.0
1000.0
6858.59
3857.18
10000.0
2500.0
2636.31
1000.0
500.0
500.0
197.2
750.0
750.0
697.2
1881.16
2000.0
-1553.85
-106.71
-54996.3
-4011.18
489.13
2500.0
-3857.18
-10000.0
-42740.72
-2500.0
-1000.0
-1000.0
-1000.0
-1000.0
-6858.59
-2636.31
-750.0
-750.0
-230.43
-466.77
-1000.0
-500.0
-500.0
-75.96
-121.24
-627.23
-627.23
-626.7
-2000.0
5000.0
-1500.0
-489.13
7.0
-2500.0
-2102.0
-19283.0
-55328.37
-4232.83
-5000.0
1000.0
-1000.0
1.0
3000.0
350.0
1512.0
9500.0
-6000.0
-1385.0
-4500.0
-9500.0
-57232.47
-1001.5
-80.48
-4173.96
-80.61
-2688.91
-205.67
5000.0
9900.0
10000.0
5000.0
2774.58
5000.0
5512.07
3000.0
-350.0
-3000.0
-1512.0
-1310.04
-5512.07
-9900.0
-381.84
-4936.18
-4681.98
-5000.0
-2774.58
-5000.0
-5000.0
12500.0
4280.0
1367.24
2367.24
-55614.38
-324.0
-194.23
-50.48
-4053.88
-24.26
-13.39
-19283.0
-2102.0
-3000.0
500.0
119.59
230.41
11500.0
520.0
-1367.24
-2367.24
-12500.0
-4280.0
1.0
-147.92
-1380.0
-55693.82
-4057.47
-11500.0
-500.0
-119.59
-230.41
13900.0
8500.0
5500.0
4500.0
2500.0
-1596.0
-15000.0
2.0
-456.0
-5500.0
-8500.0
-13900.0
4477.67
3137.36
1890.0
2500.0
2720.0
5006.13
-2500.0
-4500.0
-55119.17
-4012.75
-1885.0
5454.85
5000.0
5000.0
5000.0
-19283.0
-2102.0
-2720.0
-5006.13
-4477.67
-3137.36
-1890.0
-2500.0
0.03
4000.0
684.13
9900.0
-2000.0
-5454.85
-5000.0
-5000.0
-5000.0
3.25
6500.0
4500.0
2500.0
2500.0
5000.0
-55494.27
-95.46
-50.45
-91.29
-70.02
-4051.88
-11.93
0.03
-3.81
-0.03
-4000.0
-684.13
-9900.0
12500.0
-5138.67
5138.67
-1593.78
-1091.0
-1003.8
-1311.42
-6500.0
-2500.0
-4500.0
-2500.0
-6873.0
1.0
585.72
8500.0
2500.0
-119.78
-12500.0
-49786.07
-5138.67
-3999.64
-352.0
-1555.0
-622.5
-585.72
-2500.0
-8500.0
-19283.0
-2102.0
-19086.07
7000.0
350.0
966.13
229.62
12966.49
5000.0
4000.0
10618.0
11815.87
2500.0
2200.86
608.82
7794.9
-7794.9
6611.96
6365.96
224.31
21.69
1890.67
3861.27
19.59
27.32
8.1
1.5
-416.66
-675.0
-1525.86
-229.62
-4000.0
-2500.0
-10618.0
-12966.49
6500.0
10000.0
6000.0
2726.54
-350.0
-966.13
-7000.0
-54692.21
-6611.96
-1890.67
-3981.97
-2339.52
-611.83
-745.38
-786.64
-874.04
-1485.87
-99.43
-852.19
-191.83
-50.18
-61.12
-64.5
-71.67
-121.86
-8.17
-69.88
-1279.63
-608.82
-2691.0
-2916.66
-2916.66
-2874.89
-5000.0
20934.24
5500.0
389.0
15000.0
2500.0
-6000.0
-2726.54
-10000.0
-4500.0
-2000.0
4.25
-308.0
-555.0
-350.0
-5123.34
-376.66
-15000.0
-2500.0
-389.0
-1429.06
-19505.18
-51418.49
-576.93
-173.08
-738.47
-6365.96
-224.31
-21.69
-3861.27
-19.59
-27.32
-8.1
-3737.86
-39.9
-12.65
-55.44
-240.0
-19283.0
-2102.0
-477565.07
477565.07
592.31
-4140.0
-51418.49
-576.93
-173.08
-738.47
-6365.96
-224.31
-21.69
-3861.27
-19.59
-27.32
-8.1
-3737.86
-39.9
-12.65
-55.44
51418.49
576.93
173.08
738.47
6365.96
224.31
21.69
3861.27
19.59
27.32
8.1
3737.86
39.9
12.65
55.44
-92186.95
651.0
16.0
17.5
20.0
-73.85
1000.0
4993.87
7326.0
1500.0
3000.0
6500.0
41770.36
-140.0
-391.25
-962.5
-427.5
-56298.18
-690.0
2500.0
3251.75
2500.0
1000.0
-4228.52
-2271.48
-1500.0
-1556.75
-1443.25
-11854.78
-29915.58
-151.0
-4993.87
-2050.0
-2125.0
-2125.0
-875.0
-262.5
262.5
262.5
262.5
262.5
-3251.75
-2500.0
-2500.0
-1000.0
-1000.0
1643.24
5000.0
-198.97
-52.15
-1000.0
-630.0
-742.5
-262.5
-262.5
-262.5
-262.5
262.5
6076.0
-55961.87
-617.68
462.92
5000.0
562.5
4000.0
947.51
-1536.3
617.68
1.0
-6076.0
-1643.24
-5000.0
-46491.47
-617.68
-348.75
-75.0
-165.0
-297.0
-594.0
-232.0
-18.0
-50.0
-2038.72
-561.51
-562.0
-986.5
7634.82
5000.0
30000.0
-947.51
-4000.0
-562.5
-5000.0
-462.92
-111.79
-5000.0
-30000.0
-56537.88
-7634.82
-26156.0
-2277.08
457.24
518.88
119.61
119.61
10000.0
36542.93
2500.0
-457.24
-2500.0
-36542.93
7000.0
802.8
1000.0
500.0
500.0
1000.0
1000.0
250.0
250.0
302.8
-1114.99
-56203.88
-119.61
-119.61
-10000.0
-518.88
4000.0
5000.0
10000.0
-6475.38
-524.62
-1000.0
-1000.0
-250.0
-250.0
-302.8
-802.8
-1000.0
-500.0
-500.0
-55239.99
-1341.0
-36.55
-20.86
1222.02
-1222.02
-3149.0
-2598.75
-2596.88
-1655.37
-4000.0
-5000.0
-12000.0
-712.5
-7000.0
-1097.5
10000.0
3608.89
6000.0
2178.96
292.82
8000.0
4966.82
17365.18
1812.9
1168.07
6750.0
4866.0
-2178.96
-292.82
-8000.0
-4966.82
-17365.18
-6000.0
-1578.78
-4244.1
-4177.12
-6750.0
-1558.0
-1100.0
-350.01
-1222.02
-53.95
-1812.9
-3608.89
-583.09
-584.98
6587.09
4000.0
16611.2
890.37
-190.41
-890.37
-6587.09
-1250.0
-55103.41
-2760.0
-1615.4
-4866.0
16949.76
2500.0
-4000.0
-16611.2
3000.0
2500.0
1000.0
8856.76
563.87
-57253.67
-1250.0
-2500.0
-16949.76
-2500.0
-1000.0
-3000.0
-563.87
-4578.14
4000.0
2500.0
6366.86
-5000.0
-8856.76
-5000.0
-3545.84
-57371.91
-4000.0
-2500.0
60598.3
5000.0
3412.91
-6366.86
-5715.0
-5859.5
-34208.0
-931.88
-54944.16
6078.85
1533.92
4000.0
4000.0
2733.61
2500.0
1594.71
-3412.91
-5000.0
-60598.3
1000.0
4983.69
814.24
-1533.92
-6078.85
-4000.0
-4000.0
-2733.61
-2500.0
-1250.0
807.7
-1539.66
-55002.51
1.0
-3578.38
-1405.31
-1594.71
-1000.0
-814.24
3.0
2409.56
-56268.67
-2409.56
2033.87
3000.0
1000.0
4500.0
714.74
7500.0
1065.6
3000.0
2000.0
2000.0
-1268.81
-714.74
-2033.87
-3000.0
-1000.0
-7500.0
-750.09
-3000.0
-2000.0
-2000.0
-1500.0
-315.51
1.75
5000.0
7000.0
1170.84
3350.0
5000.0
1181.17
10308.02
15175.36
224.0
-2091.02
-4500.0
-56280.08
4.5
-7000.0
-585.42
-585.42
-10308.02
-15175.36
-3350.0
1779.44
1398.53
5684.82
2500.0
2500.0
-2353.07
-1018.37
-1142.72
-1250.0
-1250.0
-1250.0
-5500.0
-1631.0
-224.0
-5000.0
-5000.0
-1181.17
-56193.49
-1618.0
-882.0
-2500.0
359.43
17427.04
-1779.44
-1398.53
-5684.82
10000.0
2000.0
1748.25
2500.0
-359.43
-5224.08
-17427.04
-55944.43
9169.81
18133.14
2500.0
8500.0
3389.8
1203.0
16.31
-2000.0
-1748.25
-2500.0
-10000.0
1917.25
2.0
-217.5
-1917.25
-9169.81
-1203.0
-16.31
-13633.14
-4500.0
-2500.0
-8500.0
-3389.8
-56561.71
10112.91
2385.52
2500.0
632.76
632.76
2500.0
8500.0
1797.0
1500.0
10000.0
10000.0
592.98
5000.0
2000.0
2000.0
1562.6
1054.5
2500.0
48091.61
-10000.0
-10000.0
-592.98
-5000.0
-2000.0
-2000.0
-1562.6
-1054.5
-2500.0
-48091.61
10391.11
7500.0
8075.84
-59441.4
-632.76
-632.76
-8500.0
-10112.91
-2500.0
-2500.0
-2385.52
-7500.0
-8075.84
-10391.11
-1797.0
-1500.0
225.0
8.5
-210.84
3000.0
2500.0
42000.0
859.03
-5500.0
10733.76
321.09
2878.91
771.8
1000.0
1000.0
1000.0
7500.0
-55085.51
-2500.0
-3000.0
-771.8
-1000.0
-1000.0
-1000.0
-321.09
-2878.91
-7500.0
2500.0
2877.0
2000.0
3575.0
-183.47
3.0
-10733.76
-2877.0
-859.03
-2000.0
-3575.0
-861.47
3000.0
3000.0
2282.88
-53995.9
-10728.0
8430.11
16107.5
7500.0
620.88
14402.4
3000.0
-3000.0
-2203.29
-2282.88
-796.71
-2500.0
-102.04
-1250.0
-1250.0
-1250.0
-1250.0
-1250.0
-1250.0
-3000.0
-7500.0
-16107.5
-8430.11
-14402.4
7000.0
1109.37
2000.0
13717.12
9887.09
822.41
2520.0
1732.96
2500.0
-620.88
920.0
2649.57
13162.5
2500.0
18119.21
3000.0
5483.95
6126.4
-5483.95
-53585.92
-18119.21
-585.42
-585.42
-875.53
-603.2
-1848.21
-651.79
-3000.0
-13162.5
-6126.4
-2500.0
-1109.37
-7000.0
-822.41
-2520.0
-13717.12
-1732.96
-2000.0
-9887.09
2500.0
748.63
5000.0
23077.26
-920.0
-54090.99
-1099.8
2.0
1162.12
2500.0
1252.32
2283.91
1714.35
-748.63
-2500.0
-1416.42
-5420.25
-535.0
-4575.0
0.5
-23077.26
-5000.0
-1162.12
-625.0
-625.0
-625.0
-625.0
3178.5
-54452.99
-2283.91
-1714.35
-1252.32
-5000.0
-3178.5
10000.0
2419.66
2780.4
842.97
800.0
5000.0
4750.0
7500.0
1390.63
1837.5
27158.05
2479.04
30.25
-2419.66
-10000.0
-2479.04
-2780.4
-842.97
-5500.0
20000.0
2500.0
1569.89
749.45
2000.0
-560.34
-54526.61
-800.0
-88.33
-4750.0
-2000.0
-1837.5
-1390.63
-5000.0
-27158.05
-1616.83
-5047.27
-1569.89
-20000.0
-477.31
-272.14
-2500.0
-2000.0
225.0
225.0
6259.17
6000.0
500.0
1454.98
3500.0
1000.0
228.2
7500.0
1656.9
3000.0
-57351.36
-5364.0
-2775.0
1500.0
1565.0
2958.34
1750.55
5500.0
2708.0
3388.66
491.86
800.0
-6000.0
-500.0
-526.89
-1130.01
-820.99
-633.99
-3500.0
-1000.0
-228.2
-3000.0
-7500.0
-6259.17
-2958.34
-1565.0
-1500.0
5082.75
2552.0
1280.9
4541.66
1614.76
2000.0
5000.0
3000.0
1097.48
5000.0
5000.0
-53106.24
225.0
-204.29
-302.12
-142.26
-122.62
-979.26
-4541.66
-1097.48
-2552.0
-1280.9
-2000.0
-3000.0
-5082.75
-5000.0
-5000.0
-1614.76
2000.0
2111.34
3000.0
3000.0
2930.0
3244.28
11250.0
1500.0
2250.0
5000.0
-1784.62
-987.89
1.0
-4768.8
-11250.0
-1500.0
-2250.0
-3000.0
-2930.0
-2000.0
-2279.36
-2304.6
-916.04
-3388.66
-2708.0
-5000.0
-1184.01
-1108.65
-864.91
-86.71
-2111.34
-3000.0
-940.08
-55257.08
-800.0
-491.86
-223457.07
223457.07
-54313.77
13058.14
1193.5
11226.5
430.98
1500.0
1500.0
500.0
1306.53
62392.87
2449.05
585.42
3699.18
2000.0
4516.05
1847.16
1725.0
4356.68
1937.75
2653.66
3375.0
4000.0
3000.0
5000.0
3143.32
5000.0
1500.0
5000.0
2690.05
5000.0
-5500.0
-56353.68
-1500.0
-3000.0
-5000.0
-5000.0
-5000.0
-2690.05
-3143.32
-170.0
-2009.58
-400.0
-4000.0
-2653.66
-1937.75
-5000.0
-3375.0
-4356.68
-2850.0
-14000.0
-510.0
-1847.16
-296.84
-5000.0
-4516.05
-2000.0
-585.42
-64939.05
-1725.0
-430.98
-1203.63
-296.37
-1500.0
-500.0
-1306.53
-62392.87
-13058.14
3000.0
2000.0
8000.0
2000.0
5651.63
5000.0
4080.0
-2449.05
-1193.5
-11226.5
-3699.18
-5651.63
5000.0
-52609.43
-267.9
-289.5
-327.06
-478.71
2600.0
1150.01
5000.0
2000.0
2479.04
-5000.0
-3000.0
-2000.0
-8000.0
-2000.0
-310.5
-4080.0
-2479.04
-1150.01
-5000.0
-2600.0
-5100.0
-550.0
-2000.0
7593.48
4283.41
12942.8
203.37
2606.56
1000.0
2080.16
-52253.63
-7593.48
-203.37
-2606.56
5000.0
11275.0
2500.0
-4283.41
-2080.16
-12942.8
-1000.0
-5000.0
-4525.0
-3600.0
-3150.0
-59886.0
-722.83
-2500.0
3227.41
3450.0
2500.0
2500.0
2500.0
2500.0
2500.0
-5500.0
12000.0
6000.0
949.17
5000.0
9769.0
-20617.92
-3227.41
-3450.0
-2500.0
-2500.0
-2500.0
-2500.0
-2500.0
225.0
-5000.0
-6000.0
-51168.11
-949.17
-9769.0
10000.0
5649.56
4175.0
5685.78
2097.72
-5000.0
-12000.0
-51142.11
-4175.0
-926.9
-1170.82
-5649.56
-10000.0
7919.84
6000.0
4000.0
-5685.78
3466.08
1050.83
-4000.0
-7919.84
-6000.0
-3000.0
-4540.0
-50690.59
-1050.83
-3466.08
69.02
4992.5
11037.5
8000.0
310.27
2500.0
400.0
3697.52
-352.11
-400.0
-6037.5
-2500.0
-69.02
-3697.52
-310.27
-3200.0
-855.0
-945.0
-4120.0
-50467.03
2000.0
1272.99
32001.83
16367.87
4301.0
-4992.5
-5000.0
-8000.0
-51673.61
-5364.0
-32001.83
-16367.87
-4301.0
850.0
4000.0
4000.0
375.0
13000.0
2076.37
15111.89
12000.0
10000.0
3236.82
2202.54
30078.88
-2000.0
-1272.99
225.0
1388.62
10456.84
5000.0
-3236.82
-2202.54
-850.0
-3400.0
-600.0
-4000.0
-375.0
-5500.0
-52132.46
-30078.88
-13000.0
-12000.0
-10000.0
-2076.37
-15111.89
4675.0
18955.46
1000.0
5000.0
314.22
800.0
-5000.0
-1388.62
-10456.84
225.0
-51788.43
-800.0
-18955.46
-4675.0
-1000.0
-5000.0
-314.22
-84.27
114.48
5000.0
821.74
7000.0
1250.0
2000.0
500.0
2000.0
-2000.0
-2000.0
-7000.0
-1250.0
-500.0
-821.74
32113.97
1506.76
1500.0
2215.3
2747.11
-277.77
-1517.7
-53407.87
-5000.0
-1415.9
-114.48
-2747.11
-1506.76
-2215.3
-1500.0
-32113.97
5486.9
2500.0
12838.93
10000.0
300.0
878.14
1242.0
1000.0
5000.0
-5000.0
-1000.0
-800.0
-1242.0
-12838.93
-300.0
-878.14
-4057.08
-629.82
225.0
-54505.95
-3906.0
-10000.0
2000.0
75.0
689.0
2863.38
1150.0
5000.0
878.14
1000.0
1000.0
1000.0
2608.51
-144.72
-878.14
-75.0
-1000.0
-1000.0
-1000.0
-689.0
-2863.38
-2608.51
-2500.0
-1150.0
-5000.0
-2000.0
3217.21
6000.0
4000.0
2000.0
1350.0
-3217.21
-200.0
-51062.07
3784.7
496.87
-1800.0
-2950.0
-1350.0
-2000.0
-6000.0
-4000.0
-1500.0
31740.03
2423.07
27390.86
-9000.0
-7000.0
-3784.7
-51618.08
-31740.03
-496.87
-2423.07
-27390.86
-1500.0
-200.0
-2000.0
-2000.0
-3000.0
-3000.0
-74.86
1580.34
5000.0
2500.0
2500.0
-51188.24
2000.0
3000.0
9543.16
3000.0
910.96
3500.0
-5000.0
-1580.34
-2500.0
-2500.0
-9543.16
-3000.0
2000.0
7406.52
8372.43
794.18
2000.0
2000.0
2000.0
8339.98
28215.39
-7456.0
-3500.0
-3000.0
-910.96
-2000.0
9000.0
7000.0
2000.0
2000.0
200.0
3000.0
3000.0
-52909.13
-2000.0
-2000.0
-28215.39
-8339.98
-7406.52
-8372.43
5500.0
3748.42
1450.0
544.18
14000.0
-1302.0
1302.0
-1862.5
-1302.0
-794.18
-2000.0
-583.33
-583.33
-583.33
-250.01
-13186.68
734.59
10000.0
3000.0
7500.0
5500.0
3000.0
8452.72
78206.28
18195.44
-5500.0
-1450.0
-14000.0
-544.18
-3748.42
-50137.47
-734.59
-7500.0
-5500.0
-1583.75
-1304.02
-112.23
-2825.0
-3000.0
933.91
4358.74
10000.0
2108.83
20983.74
-3611.38
-4841.34
-18195.44
-78206.28
-10000.0
-10000.0
-933.91
-4358.74
-51806.5
-2108.83
-20983.74
8000.0
965.72
15.76
1515.18
665.4
2000.0
2000.0
-965.72
-8000.0
-2000.0
-2000.0
-1515.18
-665.4
-52798.23
-67.08
11433.54
9474.58
2962.5
3758.0
-68150.0
-11433.54
-3758.0
15.28
28033.52
3000.0
10000.0
2500.0
1322.83
1500.0
15000.0
5424.0
-2962.5
-9474.58
-2500.0
-1322.83
-1000.0
-9000.0
-53538.26
-1302.0
-5424.0
12.89
-3000.0
-28033.52
-1500.0
3000.0
3319.82
3915.36
1194.48
2000.0
2252.89
867.99
3000.0
-15000.0
1424.75
849.5
5000.0
2500.0
5000.0
5313.1
799.02
-867.99
-1194.48
-2444.0
-1471.36
-2252.89
-2000.0
-3000.0
-3000.0
-3319.82
-4530.76
-52677.26
9000.0
1500.0
925.54
5000.0
1000.0
9008.79
5000.0
878.14
-5000.0
-799.02
-1424.75
-849.5
-5000.0
-5313.1
-858.0
-286.0
-393.25
-962.75
-3185.4
5000.0
5000.0
5700.0
1000.0
1000.0
0.25
612.86
4576.93
-1500.0
-881.28
-881.28
-44.26
-4118.72
-5000.0
-1000.0
-3047.33
-2947.72
-3013.74
-878.14
-9000.0
32791.34
15024.36
666.67
2525.42
2387.5
5098.82
-48242.71
3185.4
-612.86
-0.25
-5700.0
-1000.0
-1000.0
-937.54
-937.54
-937.54
-5000.0
937.54
937.54
937.54
7634.0
378.0
-450.0
-800.0
-775.0
-666.67
-2525.42
-3073.82
-15024.36
-32791.34
-2387.5
-101.23
-378.0
-4576.93
-5000.0
-49032.93
-24543.48
-32414.55
-2604.0
-2926.75
1680.18
780.15
10000.0
392.3
10000.0
2000.0
878.14
1150.0
2000.0
2000.0
1000.0
4000.0
2000.0
1500.0
3000.0
17.85
-1680.18
-780.15
-2000.0
-10000.0
-40424.53
-1302.0
-392.3
-325.0
-2000.0
-10000.0
329.56
4000.0
2000.0
11926.18
3500.0
1545.0
-2664.53
-1150.0
-1500.0
-878.14
-966.57
-2000.0
-2000.0
-1000.0
-3000.0
-2776.79
-446.42
-776.79
-2000.0
5616.9
-3500.0
-11926.18
-329.56
-1545.0
-4000.0
-2000.0
-20551.68
-29115.69
-325.0
1000.0
-3104.0
-5616.9
36095.28
21780.02
94275.64
2429.0
5845.21
10000.0
5000.0
4569.46
2199.3
-20551.68
-29189.69
-38330.05
-55945.59
-1000.0
-18288.43
-17806.85
-21780.02
2000.0
-2720.34
-1849.12
-5000.0
-101.84
-587.66
-1509.8
30.35
-1996.57
-2028.86
-1819.78
-10000.0
2500.0
-2000.0
-20551.68
-29166.69
-1302.0
-390.0
10000.0
21375.0
2500.0
800.0
6000.0
678.92
-25000.0
-2500.0
-800.0
-6000.0
-2500.0
-10000.0
-21375.0
105.0
2500.0
3000.0
7000.0
2279.98
5000.0
-678.92
24.82
-20551.68
-29896.45
-390.0
-135.38
-2279.98
-2500.0
-3000.0
-7000.0
2392.08
5000.0
483.31
2200.0
-5000.0
5898.34
1947.18
748.56
-2200.0
-2392.08
-483.31
225.0
5.0
-20551.68
-27538.08
2000.0
3000.0
19329.3
338.27
1000.0
-748.56
-5898.34
-973.59
-973.59
2000.0
5000.0
-390.0
8304.24
2398.0
3000.0
2000.0
1271.9
-7634.0
-2000.0
-3000.0
-338.27
-19329.3
-337.5
-659.25
-360.0
-470.25
-553.5
-414.0
-519.75
-432.0
-657.0
-70.25
-526.5
-1000.0
-1247.05
-105.0
225.0
-20551.68
-29169.06
37.79
-5000.0
-2000.0
-1271.9
-2000.0
-2398.0
-3000.0
-325.0
600.0
22720.02
2000.0
10000.0
4000.0
2000.0
1400.0
2556.66
827.11
375.0
15606.11
20000.0
1000.0
2000.0
-2556.66
-1400.0
-8304.24
-827.11
-375.0
-2000.0
12336.27
-78.4
-20000.0
-15606.11
-1000.0
-2000.0
-20551.68
-31195.18
-920.0
-22720.02
-600.0
-2000.0
-4000.0
-10000.0
13995.07
1375.0
2500.0
2000.0
2782.62
7434.21
3494.33
972.8
797.46
797.46
394.01
-14741.84
-29196.7
42.56
189.72
1754.02
3000.0
1000.0
2000.0
-2500.0
-621.0
-2000.0
-13995.07
-797.46
-797.46
-1375.0
-2085.62
-2797.73
-2550.86
-973.55
-2520.78
-972.8
-2782.62
-23120.64
-30762.52
2217.38
-2000.0
-1754.02
-3000.0
-189.72
-1000.0
23.88
225.0
-195.0
3000.0
3622.0
832.17
11000.0
2000.0
4000.0
3000.0
3150.5
2575.25
2000.0
4000.0
1500.0
2000.0
1000.0
2000.0
-23120.64
-31526.63
-2217.38
5.0
-653.78
-3000.0
-2000.0
-1000.0
-4000.0
-832.17
-11000.0
-2000.0
-4000.0
-3000.0
-2000.0
-1500.0
-3150.5
-2575.25
-3622.0
-2000.0
-1206.79
1206.79
-1790.59
-689.47
-1781.33
-390.0
22089.22
1027.2
7257.14
2597.92
900.0
7125.0
-1750.0
-23120.64
-30352.56
-22089.22
-900.0
-7125.0
-2597.92
-1027.2
-7257.14
-3580.5
-390.0
4695.76
5000.0
1000.0
-406.61
-23120.64
-31825.17
-5052.0
-4695.76
-5000.0
-1000.0
-380.0
250.0
1365.2
-419.5
30.12
-21500.0
-731.18
2500.0
647.5
1361.52
108.3
1500.0
2000.0
2000.0
-1365.2
-23120.64
-31155.52
-360.0
-108.3
-1361.52
1647.0
26352.28
353.0
872.04
5176.0
1550.0
1500.0
5000.0
585.03
3889.0
6000.0
-26352.28
-5000.0
-1647.0
-353.0
-1500.0
-1550.0
-872.04
-5176.0
-6000.0
-585.03
-647.5
-2500.0
-1500.0
-2000.0
-2000.0
-1206.79
3574.07
15709.28
6000.0
5000.0
-28495.08
-2104.56
2.0
15000.0
2000.0
-210.0
-400.0
-3000.0
522.33
5000.0
173.02
11863.56
299.0
27518.08
-15000.0
-2000.0
-3889.0
-5000.0
-15709.28
-6000.0
-2518.07
-1056.0
-173.02
-299.0
-11863.56
-5000.0
3000.0
-23120.64
-32282.43
-27518.08
-522.33
20.59
-710.0
4000.0
2000.0
3000.0
2000.0
1000.0
2000.0
-3000.0
34240.22
2000.0
-23120.64
-30712.6
-2000.0
-4000.0
-3000.0
-1000.0
-2000.0
-2000.0
2000.0
1516.69
5294.54
-34240.22
7247.83
-7247.83
-2000.0
-262.76
-922.69
-842.91
-894.99
-1234.18
-1137.01
-2000.0
-1516.69
1001.4
275.02
2500.0
4000.0
333.54
584.76
-23120.64
-30905.46
15.05
2.0
-275.02
-1001.4
-4000.0
-2500.0
-333.54
-584.76
-1030.0
-10000.0
2701.56
4158.66
2000.0
10000.0
3000.0
34077.03
1000.0
1000.0
1500.0
-23120.64
-31601.36
-5052.0
-1812.0
9125.28
498.33
3500.0
669.0
701.0
-34077.03
-1000.0
-1500.0
-3000.0
-1000.0
-2701.56
-4158.66
-2000.0
-10000.0
31.07
4521.38
10000.0
1943.86
-23120.64
-31027.45
-9125.28
-498.33
-669.0
-701.0
-3500.0
-980.0
-10000.0
7402.08
4500.0
-7247.83
-23120.64
-31154.69
12530.75
608.85
10000.0
2251.44
-7402.08
-4500.0
-1197.82
-10000.0
-50708.0
-608.85
-2251.44
-1943.86
-4521.38
-12530.75
2000.0
182.1
1657.26
1771.89
72581.69
-23120.64
-30266.42
-1050.0
-1771.89
-182.1
-1657.26
-2000.0
-72581.69
-22500.0
22500.0
-22500.0
2000.0
1500.0
2000.0
10000.0
3000.0
-605.65
10.0
-23120.64
-31036.97
-10000.0
-3000.0
4000.0
601.15
151.4
1634.8
-1500.0
-2000.0
225.0
2.0
10000.0
5000.0
1029.5
6500.0
2500.0
2000.0
2000.0
2500.0
3090.84
2392.93
4000.0
638.48
-6500.0
-10000.0
-3090.84
-936.0
-648.0
-416.0
-2500.0
-2000.0
-2000.0
-2500.0
225.0
-1029.5
-5000.0
-151.4
-1634.8
-601.15
-4000.0
-4000.0
-2392.93
-23120.64
-29338.85
1142.38
1500.0
824.0
9176.0
2000.0
-700.0
-8016.67
-2000.0
848.05
-1500.0
-1142.38
-824.0
-9176.0
-570.0
-1140.0
-638.48
-23120.64
-29007.73
-720.0
2500.0
-848.05
-4290.86
2063.67
600.0
5000.0
4290.86
-600.0
-5000.0
-2063.67
500.0
-22556.61
-29272.48
2000.0
90.39
2867.86
225.0
17.09
-1700.0
1700.0
92.16
4000.0
54.29
1000.0
3151.95
3000.0
3000.0
-2500.0
7857.62
333.33
2069.25
-22556.61
-31188.96
-2867.86
-333.33
-2000.0
-7857.62
-90.39
333.33
7000.0
2500.0
5000.0
10000.0
5000.0
2500.0
6000.0
3139.78
1000.0
-333.33
-2069.25
333.33
-333.33
-7000.0
-2500.0
-5000.0
-2500.0
-10000.0
-1000.0
-4000.0
-54.29
-1000.0
-3151.95
-3000.0
-3000.0
-92.16
-10000.0
4000.0
1539.22
5735.39
1433.95
-6000.0
-3139.78
-5000.0
-22556.61
-29505.02
3000.0
2897.21
10000.0
7000.0
2000.0
2000.0
-4000.0
-2897.21
-1539.22
56253.22
5000.0
2500.0
5000.0
537.57
7777.23
11665.15
-3000.0
-10000.0
-1433.95
6000.0
3360.0
17499.01
2500.0
3000.0
1818.64
800.0
537.48
1000.0
1500.0
-5000.0
-7777.23
-2500.0
-7000.0
-2000.0
-2000.0
-22556.61
-29227.48
-56253.22
-11665.15
-537.57
-20000.0
3750.0
-2500.0
-3000.0
-1818.64
225.0
15.43
-5000.0
-625.0
-1500.0
-6000.0
-3360.0
9000.0
1000.0
-3125.0
-17499.01
-642.0
1125.0
5600.0
3733.32
3000.0
5000.0
4288.8
-9000.0
-1000.0
-29442.25
-537.48
-1000.0
-800.0
-3000.0
-5000.0
-5600.0
-1125.0
7389.0
2500.0
5000.0
6488.55
-4288.8
-3733.32
-5000.0
-22556.61
-30424.33
-3789.0
3000.0
3000.0
4000.0
10750.11
-7389.0
-2500.0
-1700.0
-10750.11
-3000.0
-3000.0
2.25
1.5
-6488.55
225.0
15.44
-4000.0
2000.0
1848.6
1250.0
1000.0
1500.0
1250.0
2000.0
460.78
5621.0
5000.0
1140.0
3000.0
5000.0
4400.0
2285.0
899.0
331.0
5150.0
450.0
2000.0
2200.0
948.7
2000.0
2000.0
1500.0
1853.01
323.61
945.71
-22556.61
-30213.76
-3418.5
-1853.01
-2000.0
-2000.0
-1500.0
-2000.0
-1848.6
-9983.33
-5050.0
-5000.0
-1140.0
-3000.0
-5000.0
-4400.0
-1250.0
-1000.0
-1500.0
-1250.0
-2000.0
-460.78
-5621.0
1750.0
4835.66
225.0
-323.61
-945.71
-948.7
-742.0
-899.0
-331.0
-5150.0
-450.0
-22556.61
-29827.77
-2285.0
-616.0
-475.0
15.2
3000.0
1150.88
670.0
140.95
-4835.66
-3000.0
-1150.88
-670.0
-2000.0
-2200.0
1500.0
4841.34
1408.66
4000.0
5478.62
2000.0
1091.36
3000.0
2500.0
5000.0
7000.0
-1750.0
-2000.0
-1091.36
-4841.34
-1408.66
-1500.0
-7000.0
-4000.0
-3000.0
-2500.0
-5000.0
-5478.62
1500.0
2000.0
8882.74
1127.96
-22556.61
-30243.15
13889.0
2106.53
10000.0
4000.0
2000.0
908.64
450.0
26731.85
32400.85
-682.0
49.05
-140.95
-8882.74
-1500.0
-1127.96
-2000.0
-22556.61
-31030.5
20000.0
1079.16
2000.0
2951.06
796.4
1000.0
1000.0
2000.0
11850.0
1500.0
3438.37
8500.0
12336.27
2348.64
3000.0
1754.44
4500.0
1000.0
1000.0
217.76
-13889.0
-2106.53
-10000.0
-4000.0
-908.64
14165.79
451.5
676.39
1000.0
1000.0
5000.0
1725.79
450.0
-450.0
-26731.85
-32400.85
-2000.0
-1079.16
225.0
1.25
-2000.0
-2000.0
-1000.0
-11850.0
-5000.0
-950.0
-369.66
-12336.27
-1000.0
-217.76
-22556.61
-29635.74
-2951.06
-796.4
-1000.0
-20000.0
-1754.44
-1000.0
-12336.27
-1000.0
-2348.64
-3000.0
-4500.0
-450.0
-1725.79
-8500.0
-1500.0
-3438.37
2000.0
780.0
2000.0
2142.83
2001.82
4000.0
492.0
500.0
2500.0
-1000.0
-676.39
-451.5
-5000.0
-14165.79
-500.0
-6700.0
-360.0
-22556.61
-30165.75
-4860.0
-492.0
144.0
1000.0
101.0
1500.0
500.0
7000.0
1864.86
28581.0
875.0
-780.0
-2500.0
-2001.82
-4000.0
675.0
6783.1
5000.0
1707.87
1000.0
4000.0
2000.0
-2000.0
-2000.0
-4000.0
-2000.0
-1707.87
-1000.0
-22556.61
-29775.33
-976.5
-3783.1
-675.0
-3000.0
3000.0
4500.0
4975.16
2150.0
841.34
4158.66
500.0
1000.0
835.98
1000.0
2000.0
1000.0
4000.0
1016.78
4000.0
-2142.83
-28581.0
-5000.0
-1864.86
-144.0
-1000.0
-101.0
-7000.0
-9000.0
12336.27
-22556.61
-29437.14
-4975.16
-2000.0
-1000.0
-4000.0
-1000.0
-835.98
-1000.0
-5500.0
-4000.0
501.8
1500.0
114.19
4500.0
406.0
14164.02
1550.0
3000.0
2000.0
6018.24
-22556.61
-29247.7
-500.0
-1500.0
-3000.0
-2000.0
-3000.0
-2000.0
-501.8
-4500.0
-1016.78
-841.34
-4158.66
-2150.0
-12336.27
-500.0
-475.0
-4500.0
-406.0
-14164.02
8920.84
10000.0
1050.0
4680.0
2000.0
5000.0
1000.0
1363.64
5000.0
32707.33
324.11
-2750.0
-10000.0
-8920.84
-1050.0
-4184.9
-31019.36
-114.19
-6018.24
-1500.0
-1550.0
-32707.33
-5000.0
-324.11
13889.0
44433.24
674.12
390.0
10000.0
3200.0
25934.0
3000.0
-2000.0
-4680.0
-3000.0
-22556.61
-28859.61
5000.0
341.34
1162.66
8936.91
9000.0
-25934.0
-44433.24
-3000.0
-13889.0
-1000.0
-1363.64
-10000.0
-3200.0
-674.12
-5000.0
-856.64
56.33
-9000.0
-10382.08
1618.41
2171.71
2000.0
1500.0
31170.95
2000.0
462.52
696.95
1934.96
1426.0
824.0
-22556.61
-29996.15
-5000.0
-341.34
-390.0
-1162.66
-31170.95
-8936.91
-2000.0
-1500.0
4578.67
2421.33
747.78
4000.0
4000.0
5000.0
11000.0
3139.78
-2171.71
-22556.61
-30741.81
-11000.0
-5000.0
-4578.67
-2421.33
-824.0
-1426.0
-696.95
-1934.96
-3139.78
-747.78
-5000.0
1077.39
5430.51
2000.0
530.91
4975.72
4479.76
887.5
332.96
-4913.52
-4431.66
-887.5
-332.96
11000.0
2000.0
1586.68
1000.0
2759.18
1000.0
10000.0
-6000.0
9000.0
14500.0
5000.0
3000.0
-1759.18
-1000.0
-1000.0
-11000.0
-4000.0
-4000.0
-1586.68
-2000.0
2500.0
-22556.61
-30917.14
-530.91
-2500.0
2000.0
59132.07
2000.0
8000.0
1121.81
1188.86
5000.0
-1618.41
-5430.51
-2000.0
-462.52
-1077.39
-22556.61
-30696.66
-2000.0
-2000.0
-59132.07
-3750.0
-5000.0
-1121.81
-1188.86
4500.0
14000.0
2000.0
750.0
1000.0
856.0
2000.0
400.0
3139.78
5000.0
1044.17
2000.0
2436.04
1000.0
-2000.0
8000.0
-22556.61
-32362.5
-750.0
-1000.0
-856.0
-1000.0
763.13
4219.7
1620.08
110.87
5000.0
2000.0
12957.66
7000.0
-8000.0
1099.59
3673.93
6216.9
1286.73
5000.0
12233.22
2000.0
2500.0
-4975.72
-4479.76
-887.5
-332.96
-5000.0
-2436.04
-3139.78
-2000.0
-14000.0
-1044.17
-5000.0
-8000.0
-2000.0
-6000.0
-9000.0
-14500.0
-1000.0
-5000.0
-1000.0
-2000.0
-4500.0
-2000.0
23420.67
-22556.61
-29435.68
-12957.66
-400.0
-4219.7
-1620.08
-2000.0
-7000.0
-763.13
-110.87
2000.0
1378.19
3535.19
7000.0
2000.0
8361.13
1000.0
3500.0
1000.0
3429.5
2422.13
1225.53
-2000.0
-1286.73
-22556.61
-29714.24
2443.99
-6216.9
-3673.93
-12233.22
-1000.0
-2500.0
-1099.59
-5000.0
-1225.53
-3429.5
-1000.0
-3500.0
-2422.13
-8361.13
-25062.96
-29491.18
-3645.0
-2000.0
-1378.19
-7000.0
-2000.0
-2443.99
-3535.19
-20050.32
-2523.6
-25108.12
