-1637.75
-108467.74
-7002.69
-12.25
0.07
-17.29
-26.69
-25.69
-27.3
-720.8
-119.0
-17.99
-14.86
-21651.96
-1585.45
-86815.78
-6000.0
-6779.25
-299.0
-135.0
-45.0
-104.0
-1305.0
1931.4
-10825.88
-97641.86
-1484.21
-6346.37
-48380.8
-570.0
-5999.71
-1489.29
-108363.74
-6367.96
-1487.97
-108467.74
-255.63
-6362.19
-570.0
-48380.8
-5999.71
-3.71
-255.63
-15.85
-1639.58
-11153.43
-107956.53
-7010.9
-2500.0
-1595.39
-2078.95
-110442.69
-3241.09
-6821.47
-16970.14
-1931.4
-48380.8
-5999.71
-570.0
-630.0
-11414.55
-1576.56
-103667.96
-6741.1
-720.8
-12.28
-1577.24
-116006.83
-6744.23
-48380.8
-5999.71
-570.0
0.08
0.02
-1629.17
-486.57
-116942.65
-3307.5
-986.7
-6966.04
-1611.94
-1620.0
-118829.94
-6892.23
-570.0
-1709.87
-118829.94
-7311.29
1424.41
-80.0
-11658.91
-1769.39
-10710.58
-106947.05
-7565.77
-2500.0
-570.0
-1609.22
-118829.94
-6880.95
-1150.0
-19.7
-2300.0
-11658.89
-1698.25
-106947.05
-6240.0
-7261.37
-44.1
-44.1
-1608.13
-118829.94
-6876.15
-145142.4
-17999.13
-570.0
-245.35
-99.0
-1593.09
-117549.94
-1291.0
-6811.66
-48380.8
-5999.71
-570.0
-570.0
-1575.44
-115019.43
-6736.47
-99.0
6.93
-94.82
-6541.54
-405.62
-8.0
-11.22
-12.5
-14.79
-70.3
-43.9
1244.0
-6810.23
-11381.86
-95470.79
-1592.74
-9938.43
2149.12
-145142.4
-17999.13
-48380.8
-5999.71
17999.13
48380.8
5999.71
-6688.89
-116404.69
-1564.36
-2500.0
-1.75
-3.5
-3.5
0.02
0.02
0.01
-5999.71
-48380.8
-17999.13
-6622.91
-235.91
-327.99
-113009.96
-299.11
-1657.46
-1548.91
-298.0
4537.9
-199.4
-319.53
-2178.32
-103838.22
-87.12
-9750.29
-1560.37
-6671.99
-150.5
-91.95
-88.2
-88.2
-88.2
-88.2
88.2
88.2
88.2
-1305.0
-9.99
-85.9
-8.0
-8846.23
4527.0
-570.0
87.07
-3737.47
-108804.88
-7157.37
-4112.11
-360.0
-1691.59
-1814.34
-7232.87
-3600.0
-1519.9
-51.0
-2500.0
1403.0
-17.84
-16.86
-17.55
-87.75
-187.99
-11824.4
-1605.43
-3041.3
-96863.76
-7751.46
-6864.78
-570.0
-1424.41
-1244.0
1572.0
1183.57
1797.8
-420.0
-570.0
-118932.92
-1622.56
-6937.77
1000.0
-35000.0
-45.0
-125.0
-145.99
-2149.12
-88.2
-88.2
88.2
-1010.8
-7118.5
-119005.69
-2062.2
-31133.15
-7118.5
-8817.6
-36.0
-6891.0
-81.0
1248.01
-43.04
-2967.72
-184.02
-17.55
-140.4
-1035.0
-787.0
-1000.0
-175.0
1387.21
-6733.23
-1248.01
-110925.8
-1574.69
-15.45
-46.78
-1000.0
-1756.49
-8460.13
-116211.2
-109.98
3588.38
-88.74
-54181.0
660.36
625.44
185.0
-5733.0
-9098.4
-9500.0
-118079.26
-17.55
-67.02
-169.65
-229.99
-298.0
-720.8
-1226.93
-1730.97
1436.4
-10.28
-10.8
-12.28
-13.39
-17.0
-17.55
-20.16
-26.78
-41.97
-135.0
-169.65
-298.0
-8209.12
-115424.71
895.01
-7.79
-10.2
-10.96
-14.99
-32.96
-107.73
-932.27
-1132.57
-8308.42
-117250.78
-1387.21
-5733.0
-54181.0
-718.2
-718.2
-63.0
-479.0
-21.96
-102.0
-113.82
-170.16
-439.0
-630.0
2195.6
1171.61
168.13
-5.4
-7.56
-9.78
-10.17
-10.98
-13.68
-15.72
-16.17
-17.85
-18.19
-19.29
-19.7
-21.78
-25.67
-27.44
-31.28
-34.98
-62.55
-68.8
-199.99
-755.33
-8428.35
-9873.24
-118820.76
-1686.3
1956.48
301.52
-185.08
-12.1
-8406.87
-118527.16
-95.23
-4.98
-8.65
-10.2
-11.94
-17.55
-21.2
-25.62
-27.36
-28.92
-39.1
-65.7
-163.8
1143.15
-2500.0
-1509.0
-1509.0
-1509.0
-1509.0
-1509.0
-1509.0
3694.05
-5733.0
-54181.0
-466.0
-8453.45
-119164.41
2733.0
-2258.0
-660.36
-2733.0
1203.25
-1200.0
-8505.75
-118996.92
-8.0
-17.55
-169.65
-329.85
490.82
-5733.0
-54181.0
-9197.93
-119987.18
-1171.61
-35000.0
-1595.25
-150.0
-8575.2
-119953.33
-17.55
-19.29
-21.98
-23.98
-69.98
-234.0
-250.0
-720.8
-895.01
-1143.15
-54181.0
-5733.0
-1203.25
-1231.15
-1231.35
-1231.35
4239.0
-30913.09
1746.76
-17.55
-134.55
-161.25
-8541.21
-119507.99
-490.82
1117.0
-1091.5
-752.18
-8595.87
-9832.59
-120165.82
-10026.34
-1746.76
-5733.0
-54181.0
1044.41
-8547.08
-119527.87
-2500.0
-175.0
-195.0
9486.4
-8579.03
-119945.89
-17.55
-157.95
-273.58
-279.0
757.6
-54181.0
-8593.55
-120135.39
2676.21
5733.0
-5733.0
-5733.0
4121.09
1582.92
569.14
-1433.0
6.93
-8480.73
-118587.54
-757.6
-1044.31
-1117.0
232.5
-18.19
-339.99
-1150.0
-8399.96
-117532.94
-400.0
-5733.0
-54181.0
-8.93
-17.55
-21.14
-140.4
-990.0
-630.98
-650.48
-1120.95
-405.4
-4.64
-5.37
-5.4
-9.78
-9.98
-10.17
-10.99
-14.98
-62.88
-99.0
-769.68
-8394.78
-10061.58
-117451.1
402.57
-54181.0
-569.14
-8387.3
-117353.17
-8.0
-17.55
-28.8
-39.69
-187.2
-239.89
2112.0
-5733.0
1305.0
-859.82
-2500.0
-126.0
-126.0
-665.46
-665.46
-665.46
-0.06
-8992.96
-117406.81
-402.57
-2010.75
-981.4
-17.55
-169.65
-179.99
-465.0
-8394.8
-117451.13
1628.99
-54181.0
-8.0
-118.0
-150.0
-160.0
-339.0
-1403.0
-1403.0
-1403.0
-5733.0
1638.64
-471.84
-613.81
-633.03
-8403.04
-117549.03
-10.24
-10.4
-12.24
-16.19
-21.08
-27.36
-169.99
1289.0
2459.0
-8365.7
-117451.13
-2835.0
-2835.0
-2835.0
-17.55
-152.1
-991.98
-1305.0
-5733.0
-54181.0
-3600.0
-1638.64
0.01
-8338.31
-116207.99
3604.1
-1628.99
-2411.55
-8058.19
-31523.19
-112678.02
1569.75
-24.59
-255.75
-787.5
-1170.0
-5733.0
-54181.0
-1.35
-1.35
-1.94
-1.95
-3.99
-8.32
-17.55
-23.5
-26.46
-31.44
-99.0
-157.95
-175.0
-259.98
-1225.0
-2112.0
-2500.0
-7965.63
-111924.42
-253.21
-19.36
-109468.42
-220.0
-7815.02
-498.0
4072.5
-787.5
-27.78
-14.97
-3.45
-2.85
-13.2
-5466.0
-1305.0
-128.7
-17.55
-6891.0
-27.96
-81.69
-12.96
-22.84
-37.92
-74.21
-5.68
-51670.0
-109498.95
-4780.0
-8183.47
-1251.0
2659.16
1346.6
-131.25
-1478.1
-1569.75
-130.0
-1911.56
-115.0
-2.51
-27.61
-21.14
-31.62
-130.08
-1405.07
-350.46
-427.63
-342.0
-817.74
-495.99
1181.21
-110537.81
-220.0
-7876.99
-249.99
-2819.9
645.0
-9.96
-22.26
-11.94
-17.6
-28.12
-22.42
-300.0
-575.0
-108507.49
-220.0
-7746.34
-51670.0
-5466.0
-6.35
-17.85
-17.0
-10.79
-13.52
-24.0
-102.0
-683.2
-13.2
-62.72
-14.46
-11.22
-3.86
-62.54
-34.95
-4.04
-5.5
-2.9
-22.26
-341.6
-4.04
-17.55
-152.1
-299.7
-3.78
-239.44
-1357.5
-1357.5
-1357.5
-109751.27
-220.0
-7845.34
-8918.95
-682.27
-2659.16
-1181.21
-2500.0
-1967.7
-551.25
-1289.0
-1289.0
2693.2
1346.6
-109690.84
-220.0
-7840.47
435.28
-16.0
-2721.39
-51670.0
-5466.0
1362.82
-645.0
-2349.9
-210.0
-7000.0
-975.0
-17.55
-140.4
4065.0
-109820.44
-220.0
-7854.03
-435.28
-150.0
-108363.87
-220.0
-7817.5
-1362.82
-1346.6
-1346.6
-1346.6
-1346.6
-29441.04
-17.55
-234.0
-51670.0
-5466.0
150.0
-110838.66
-8487.8
-299.0
-1355.0
-1355.0
-1355.0
-13.98
-11.02
-11.22
-5.38
-111817.83
-220.0
-8006.78
-225.0
-17.55
-163.8
-161.25
750.58
-112955.71
-220.0
-8101.31
-377.38
188.69
-51670.0
-5466.0
-150.0
2407.1
2979.26
-111493.62
-220.0
-7978.33
-312.0
-8632.91
-684.29
788.7
-750.58
-17.55
-146.25
-43.08
-642.0
-8.0
1068.4
-109276.65
-314.55
-220.0
-7849.62
-2500.0
-18491.88
-5466.0
-51670.0
-225.0
-28.5
751.78
1136.06
2102.46
1757.4
-107377.29
-522.92
-210.0
-7732.03
-359.18
-125.08
-304.69
-876.8
-788.7
-3600.0
-105522.15
-487.52
-210.0
-7587.48
-51670.0
-5466.0
-7.0
-1095.0
-17.55
-140.4
5071.49
1366.4
-25.1
-13.79
-77.8
-105323.76
-200.0
-7541.54
-2036.52
-8.58
-9.58
-206.6
-188.69
-1267.38
-2407.1
-1068.4
-878.7
-878.7
-104111.51
-471.81
-200.0
-7476.07
-7.0
-1905.0
-189.0
-11.52
-119.09
-2102.46
-2102.46
-51670.0
-5466.0
-175.0
-175.0
-17.55
-140.4
-41.25
-102932.52
-369.59
-200.0
-7378.04
-35.4
-130.58
-4.88
-1.28
-59.67
-1749.71
705.53
2163.0
-1038.18
555.49
-105404.65
-495.41
-11.36
-200.0
-7577.71
-9550.45
-730.6
-35.7
-28.0
-51670.0
-5466.0
-17.55
-157.95
-2500.0
-6562.5
-106341.87
-605.47
-8189.4
-1366.4
-1136.06
-463.02
-463.02
-678.78
-678.78
-27.96
-63.84
-26.4
-21.89
-21.06
-8.76
-705.53
-99399.7
-585.82
-200.0
-7158.22
6.93
1500.0
-7.0
-17.55
-175.5
-751.78
-51670.0
-5466.0
359.96
-98984.59
-467.87
-190.0
-7134.82
-105.93
-555.49
1115.7
169.0
-103492.07
-534.71
-171.03
-210.0
-7486.98
-17.55
-181.35
-105.74
-62.72
-29.99
-110.22
-14.0
443.35
-5466.0
-51670.0
-102730.41
-542.58
-244.13
-19.81
-210.0
-7451.62
-1.31
-1500.0
-34999.92
-2163.0
-10000.0
-100537.58
-375.74
-210.0
-7331.7
-29621.48
-2266.03
-17.55
-70.2
-22.5
-69.69
-234.99
-211.2
-7.0
-9.78
-14.0
-1445.51
-45.0
-12388.5
681.7
-49.57
-3.79
-98723.5
-539.61
-210.0
-7123.01
-0.02
-359.96
-2500.0
-51670.0
-5466.0
-819.2
819.2
3125.2
8037.2
-539.64
-41.27
-99499.94
-267.49
-1527.28
-7305.87
-249.0
-1995.0
-725.0
-17.55
-146.25
-58.0
-495.99
-23.85
-246.99
-3999.6
-234.0
-2222.91
4340.61
-450.98
-34.5
-99841.56
-994.38
-7269.97
-53174.0
-4882.0
-52.32
-228.18
-1176.53
-470.49
-36.0
1956.15
-24.08
-1290.2
-1290.2
-1290.2
790.5
1376.15
-2009.5
-533.6
-443.35
-681.7
-99556.95
-994.38
-7248.26
-176.75
-1305.0
-793.17
-90.0
-447.12
-378.9
1340.74
-98193.91
-994.38
-7144.05
-580.0
-790.5
-1376.15
-1376.15
4614.35
-267.34
-47.76
-265.53
1211.0
-53174.0
-70.29
-1211.0
-1211.0
-1211.0
-1211.0
-4882.0
-12.81
-100.17
-114.48
-98399.31
-994.38
-7159.7
3655.0
4571.26
1092.03
-285.52
-110.32
-21.98
1067.6
-269.99
-49.0
-333.0
-97582.49
-994.38
-7097.19
-8095.35
-619.3
-1340.74
1950.0
-48.87
-17.99
-19.95
-276.95
-2500.0
-53174.0
-4882.0
-59.55
-41.2
-96549.64
-7392.3
231.99
-758.4
315.66
-1765.0
-96609.66
-994.38
-7018.16
-0.09
-650.0
-650.0
-650.0
-18.9
315.66
-1100.46
-1588.61
-1166.88
-1.05
-999.0
-23.96
-11.15
-26.46
-39.2
-53174.0
-1067.6
-4882.0
705.14
387.07
29.61
-99467.85
-240.0
-7179.28
-1115.7
-1115.7
819.2
-20880.8
-98088.37
-240.0
-7087.06
2169.75
-57.23
1133.0
-99.99
327.19
-98616.35
-240.0
-7127.46
-80.16
-19.95
-2974.95
665.33
-53174.0
-4882.0
-5.26
-1487.97
-819.2
-13.8
-1495.8
-411.94
-239.98
-117.69
-495.99
715.5
970.28
-101307.16
-250.0
-7297.87
-8451.78
-646.6
-1092.03
715.5
194.1
-2285.63
-2285.63
-723.25
-723.25
-723.25
400.0
-231.99
1431.0
-327.19
-103756.04
-250.0
-7485.25
-2500.0
-53174.0
-4882.0
-309.9
-131.21
-1133.0
450.0
2215.74
-102646.05
-250.0
-7400.42
0.1
-48.6
1030.15
-315.66
-315.66
-705.14
2739.0
-887.4
-715.5
2043.04
-149.09
-11.41
1064.46
-102266.04
-260.0
-7367.43
-1095.0
2505.98
-6562.5
-53174.0
-4882.0
-2657.35
1451.77
-715.5
-715.5
-715.5
-194.1
-665.33
-30.98
3190.0
-115.23
-1890.0
-102703.79
-260.0
-7400.95
935.0
1272.5
1072.5
450.0
-379.99
-92.89
1378.6
-102663.75
-260.0
-7397.94
-970.28
-400.0
-125.21
-53174.0
-4882.0
-102826.24
-260.0
-7419.39
-1072.5
-1030.15
-425.0
-9554.0
-103066.25
-260.0
-7437.73
-8492.74
-649.71
-2255.0
-2255.0
2255.0
-1272.5
-53174.0
-4882.0
-1064.46
-1064.46
-1064.46
-126.22
-20.0
2359.99
-102835.41
-7873.75
-913.0
-913.0
-913.0
2512.0
-98.0
-450.0
-450.0
-37.38
-228.0
-5.2
2228.1
-102157.36
-260.0
-7368.0
-2215.74
1570.56
-503.18
-100.0
-935.0
-935.0
-935.0
-1378.6
-516.77
-2359.99
-53174.0
-2254.31
-963.14
-246.13
-157.99
-221.0
-99710.53
-260.0
-7185.24
-4882.0
-475.4
-121.21
-83.94
2012.55
1101.5
704.05
227.88
-3540.2
-800.41
-23.26
-1.78
-104039.87
-260.0
-7507.52
1675.0
-1114.05
-1114.05
-139.9
-21.98
-6584.37
6579.86
-299.0
31.15
-103823.11
-260.0
-7491.16
0.1
-151.0
-100.0
-138.18
-2900.0
-2500.0
-1441.52
-2512.0
-53174.0
-4882.0
-199.99
-495.99
-140.0
-103182.27
-2849.0
-260.0
-7657.15
-0.02
-26245.93
-2007.79
-65.98
-1101.5
-94.08
-52.4
-45.0
-2012.55
-1675.0
-227.88
-105.93
-1311.76
-101812.43
-260.0
-7328.61
-704.05
-53174.0
-4882.0
2601.92
-101812.42
-7435.18
-48.87
-4513.41
-1410.51
-269.91
-0.02
-84.42
-101448.83
-7407.52
460.0
-1305.0
-133.17
-939.98
-6.69
1843.87
-5109.0
-41697.0
1351.24
-99438.42
-7257.47
-100842.8
-1726.64
-7494.88
1834.0
1056.5
-72.34
-19.99
-116.2
-77.19
-41697.0
-5109.0
-1178.17
-86.38
-101659.34
-7425.21
-1075.88
1786.5
-767.99
-1217.13
3064.38
3569.42
-460.0
-389.62
-264.97
-177.95
-39.59
-7049.85
-37.29
-104059.98
-7605.11
-8147.83
-623.31
-466.34
-815.2
-240.0
-2500.0
5071.45
-16000.0
-1117.06
-415.99
-5109.0
-41697.0
-103938.8
-7956.56
-122.22
-495.0
1448.05
1749.25
-53.49
-144.79
-258.3
-90.0
-90.8
-103.72
-1351.24
-1786.5
-104060.07
-7609.03
-1320.71
-1281.21
-99.99
-273.23
-135.0
-41697.0
-5109.0
-105692.0
-7737.57
-1229.25
-239.0
-188.14
2070.0
1449.25
-107617.44
-220.71
-7901.77
-2340.17
-1056.5
-1749.25
2098.0
148.0
-106658.76
-7764.61
-2172.95
-1449.25
-1449.25
-1449.25
-124.24
-280.89
-16.79
-44.09
-1448.05
-5109.0
-36337.0
-41697.0
36337.0
-106633.56
-7762.69
-8311.5
-323.75
-635.81
-24.76
1367.25
-195.0
1704.85
1895.31
-2500.0
-1834.0
-2098.55
-672.0
-51.4
-148.0
-2070.0
-104905.52
-7641.83
-669.7
-41697.0
-5109.0
-100.0
-122.26
382.96
-225.0
-104425.46
-7605.03
-767.0
735.41
638.75
2768.75
-103949.86
-7568.68
-1348.34
-41697.0
-5109.0
-91.23
3933.74
-1015.0
5844.89
-103849.5
-5315.0
-7967.56
-1889.5
-3064.38
1340.0
-80.0
668.97
-61.96
-103925.14
-7566.81
-1367.25
-201.0
-681.97
386.0
-425.0
2568.12
-102.22
-386.0
-2281.7
-735.41
-5109.0
-41697.0
-103849.5
-8049.29
0.01
99.56
-670.0
-670.0
1987.0
-103849.55
-7559.6
-8924.35
-682.73
-1006.75
-1006.75
-1006.75
-1412.32
-1412.32
-2500.0
1.15
3.53
-856.04
-638.75
-856.04
-856.04
-102.5
-5499.9
-594.99
-228.12
-593.8
-485.9
1864.72
-103970.73
-7573.25
-2.25
-41697.0
-5109.0
-854.64
-854.64
-1064.46
-382.96
290.0
-1704.85
-103970.75
-7575.9
-3.53
1358.0
-2768.75
-37.03
-111.59
-129.15
-23000.0
-1895.31
-51.8
-3.97
-103918.9
-7564.19
-1.15
-25.0
-167.11
-105.93
-1864.72
-41697.0
-5109.0
4.15
31.89
4.33
1.15
1.14
-290.0
-290.0
-290.0
-290.0
-290.0
-103970.7
-7561.01
-4.33
-668.97
-10275.87
10275.87
-5314.5
-4.94
-31.89
-301.21
-20.0
-114.48
-9.77
-63.54
-96.04
-93394.0
-10275.87
-7554.76
-4.15
-679.0
-679.0
-58.47
-4.48
-41697.0
-5109.0
26954.12
-26954.12
10889.75
11138.99
7046.05
16769.72
-6562.5
1281.7
-92.83
-7.61
-103666.68
-10889.75
-7046.05
-7547.16
-1.14
-24978.62
-786.27
-971.24
-125.16
-2048.24
-64.47
-79.63
-10.26
-309.0
-1987.0
967.0
-169.0
-45.0
-106.23
-624.0
-298.0
-298.0
-5.39
-294.98
-1281.7
-103180.9
-11138.99
-16769.72
-7507.96
-1.15
-2500.0
-41697.0
-5109.0
-647831.59
647831.59
1511.16
-103180.9
-11138.99
-16769.72
-7507.96
-1.15
103180.9
11138.99
16769.72
7507.96
1.15
-103881.23
1552.5
465.14
1766.45
-436.25
-32.49
-413.12
-2472.5
-102485.95
4430.24
-1511.16
-50.0
-62.5
-649.95
-103826.65
-92.95
-6599.88
-973.18
-296.9
-10485.68
-1150.0
1227.8
-16000.0
-104207.25
-1396.5
3117.45
-465.14
331.99
-344.0
-18.29
-151.0
-107010.92
-172.9
-82.8
-1081.74
-304.52
-346.21
-73.47
-1251.9
-150.0
-1305.0
-91.0
-671.99
-279.16
2611.4
3459.75
-106953.99
-67.2
-249.0
-197.0
-17.49
-153.98
-1608.07
1465.57
-2119.0
-2500.0
-107119.25
-1227.85
-1305.7
-1305.7
-796.32
-19.16
-3.9
-79.4
-765.0
-167.42
949.26
-107139.9
-2539.0
-787.5
-116.85
1172.62
-1766.45
-1651.45
-1651.45
-967.0
1208.73
-197.8
-175.0
-108394.6
-331.99
-1153.25
-1153.25
-1153.25
-1298.15
-949.26
-85.0
-114.48
-546.54
4815.45
-110396.19
-1172.62
-2778.79
1010.0
-1208.5
-254.89
-100.5
-108514.91
-4023.0
-175.0
680.02
485.64
1466.0
-163.01
-108898.9
1466.0
-1010.0
-1587.25
-1587.25
-1640.95
-109532.17
-2682.0
-126.42
-2500.0
1199.7
-79.4
-106.96
-225.0
-108038.56
399.59
-1015.0
704.51
1232.24
-150.0
-1521.5
-2143.9
-108.1
-106375.55
-2514.0
-1199.7
-399.59
2525.0
-105751.55
1882.45
-30.63
-1646.27
-105361.55
-486.44
-1466.0
-1466.0
-1466.0
505.0
505.0
505.0
-105487.55
320.7
1291.4
-59.25
-57.12
-77.1
-71.3
-82.11
-505.0
-505.0
-505.0
-505.0
-505.0
-505.0
-505.0
-505.0
-704.51
-105448.0
-3838.0
1468.0
1182.0
-1232.24
377.5
-2500.0
-81.49
-198.7
-129.0
-349.0
-837.98
-1044.47
-104826.73
-160.35
-160.35
-1940.0
-44.94
-43.16
-680.02
1466.0
1466.0
1466.0
1831.0
-103715.63
-1468.0
-1466.0
-1466.0
-1466.0
-119.0
-91.0
-300.0
-102668.74
-101.91
-49.3
-377.5
-1182.0
-350.0
-98723.9
-645.7
-645.7
-70.68
-425.0
-133.0
-59.73
-28.38
-16.79
-101289.25
-5.0
-78.6
-1390.89
-218.26
-1831.0
-60.8
1249.0
-75.66
-254.7
-97789.56
-1826.66
2396.0
-95279.78
-182.0
-45.0
-57.3
-2500.0
-6562.5
-1305.0
-32.96
-283252.55
283252.55
-95370.84
241.7
-1364.0
851.0
-345.52
-15.9
-2855.28
-92857.19
-220.0
-1112.0
-128.5
-851.0
-1249.0
130.0
-917.38
-16000.0
-4.43
-188.16
-526.12
-75.36
-12.95
-55.43
-1792.19
-52.7
-240.0
-91694.23
813.0
-28.97
12.98
-851.0
1195.0
1195.0
-1198.0
-1198.0
813.0
1693.0
-90631.5
1583.0
-52.5
-182.34
-130.0
-62100.0
-245.28
-178.06
-56.18
-193.1
-90496.31
2290.35
-113.0
-1203.13
-59.6
-105.58
576.95
-93445.78
-456.2
-576.95
-576.95
916.65
-16420.3
-1588.5
-323.0
3158.06
-71.78
-109.38
-97.0
1579.06
3120.67
-469.0
-2500.0
-977.04
-92270.13
-192.64
2213.2
1574.0
-169.0
-108.9
-502.2
-485.95
-145.22
-90462.75
455.68
-82.9
-617.2
-25.71
-916.65
-1693.0
-91549.09
-1579.06
-1579.06
-1579.06
-66.2
-79.99
-210.94
-222.32
-1022.29
-942.29
-1156.09
-49.03
-36.67
1652.98
-92103.02
-1583.0
-2213.2
-455.68
-92904.89
2706.88
-224.0
-64.2
-50.4
-77.9
-1652.98
-203.98
-42.32
-55.8
-562.48
-1713.4
3755.0
-93126.31
-813.0
-813.0
1082.65
-96722.39
-54.8
-1111.25
-213.92
-1100.25
-950.25
-2500.0
-1195.0
-1195.0
-787.0
-787.0
165.95
620.0
-94322.39
-225.0
-150.0
-1015.0
-2301.28
-177.8
-134.47
679.51
-39.64
-338.0
-2124.5
-94130.39
4759.12
-99.5
-2301.28
2766.25
-165.95
-1082.65
-180.0
-180.0
-29.9
-12.72
-414.0
180.0
2318.25
620.0
-234.64
-91650.75
8795.0
-328.19
-328.19
837.98
-328.19
-328.19
328.19
328.19
2926.92
-91736.14
-1282.01
-2766.25
442.98
395.0
-98.9
-110.75
-211.12
-91681.4
-620.0
442.98
395.0
-620.0
-1763.2
3808.25
-620.0
-1698.25
-395.0
-395.0
-395.0
-395.0
-395.0
-395.0
-91151.71
-340.47
-450.0
-151.16
-54.65
-649.47
-649.47
-442.98
-442.98
-442.98
-442.98
904.37
-95809.08
-6250.0
-220.08
-92.9
-1569.55
-395.95
-2500.0
-3755.0
1182.91
-1328.25
-1189.78
-1189.78
-1189.78
-1189.78
-679.51
-8.0
-87.87
-24.24
-94307.12
-1328.25
1328.25
135.95
1522.15
29.49
-8795.0
-1240.0
-95785.01
-21.3
-234.64
-847.85
-1240.0
1413.51
-904.37
-93740.5
27.03
-135.95
-1240.0
-93755.32
654.75
-1522.15
-45.0
-157.36
-121.28
-43.5
-204.1
-1257.4
-90460.89
21.05
-2500.0
-86324.75
-143.58
-55.0
-159.33
-150.0
-1302.0
-86804.34
-216.32
-2564.2
-361.94
-26.79
-88605.36
-1302.0
23.89
-1182.91
-13.65
-154.63
3041.15
-164.41
-88881.79
-16000.0
-1413.51
-1305.0
-159.0
-61.9
-8.94
-159.68
-6250.0
-957.9
-1225.81
-147.0
-326.0
-1171.5
-100.26
-88910.55
-328.75
4639.85
-2139.38
-694.95
37.99
-91.6
-458.75
-214.13
-860.8
-860.8
-860.8
-96361.83
33.34
-3558.84
-93293.79
3111.3
-73.4
-94496.84
-2500.0
-156.5
20.0
1035.0
1130.0
-561.95
-280.83
-93117.22
-1680.0
35.74
-1509.45
-92474.41
3015.41
379.5
-59.6
-197.75
-14.0
-412.94
-150.0
-266.0
-93439.44
-1260.0
-1565.2
-1565.2
182.91
4050.0
-1555.65
-1555.65
-206.6
-812.8
36.15
820.0
9600.0
-94310.22
-279.93
-24.0
-1521.4
-73.4
-44.7
-184.19
1770.47
-182.91
28.76
-820.0
-93710.86
-94341.95
-1260.0
-405.0
-4050.0
-31.92
-1130.0
-57.3
-2500.0
-124.3
3200.0
-9600.0
-92470.32
-69.76
-85.07
-75.32
-1406.0
-1406.0
-1015.0
-225.0
679.58
-160.0
-1311.4
-34.29
150.0
-150.0
2439.16
35.15
-90217.73
-1774.04
-150.0
-28.97
12.98
-122.61
2082.71
920.89
1211.15
-99289.75
-1260.0
-180.0
-58.2
-225.0
-1035.0
-679.58
-88066.23
-2439.16
-163.74
44.41
1037.0
164.34
-164.34
-3050.0
-87551.77
-1680.0
-114.6
-161.03
-509.8
-180.0
-1031.15
-90.0
-920.89
-709.0
-1039.0
-88904.52
-1770.47
1968.25
42.05
60.0
-105.64
-90.0
215.0
-89056.65
-1260.0
-2500.0
-290.0
-425.0
-91.0
-365.0
3950.35
-425.0
-91.0
-71.0
-89198.12
33.27
1977.35
-790.2
134.86
-215.0
-249.0
-249.0
-249.0
-1898.41
-90.0
-3584.37
-425.0
-90452.03
-189.0
-150.0
-150.0
-150.0
-74.8
-1968.25
-60.0
-60.5
-2082.71
-1973.0
-90917.89
-741.12
-269.0
-1977.35
-1977.35
-134.86
-1800.0
-53.3
-98.97
-235.98
38.49
-92343.97
-92583.44
-1260.0
-74.9
-1380.0
28.66
-88717.36
-401.55
995.0
-2500.0
-113.7
-61.9
-995.0
-87454.95
-1260.0
9616.93
41.19
-88052.75
-98.1
-1305.0
-64.2
-45.0
1572.47
1368.0
-87589.06
-133.0
-387.44
-680.0
-105.0
-86.36
-58.3
-87656.13
-4.3
-785.95
-20.6
-50.99
-72.6
62.04
76286.9
1210.63
-450.0
-1368.0
603.19
-58.3
-87768.95
7279.31
230.34
-569.42
-88521.85
-1260.0
-413.4
-1925.0
-73.4
46.61
-1827.22
-1859.64
-1951.64
-89572.08
-420.0
-230.34
222.06
-1785.68
-96643.42
-600.0
2886.37
49.59
-163.08
-200.0
-1991.72
-405.0
-374.43
-92144.55
-1066.63
-1991.72
-107.9
-1003.05
-92318.31
-1785.68
-1991.72
-1991.72
-1991.72
-1992.32
-2500.0
64.71
-2627.5
-2627.5
-2627.5
-899.0
-76286.9
6875.21
-2742.63
-92758.46
-119.2
980.16
2886.37
-2886.37
-2886.37
190.0
-90022.39
-1991.72
-225.0
-1015.0
-16000.0
-2500.0
1698.65
3370.9
420.0
-1991.72
-96.0
-632.91
-89698.17
-1833.52
8732.54
-202.75
-1829.95
2022.71
56.79
-253.7
-111.2
-203.96
-89178.46
-69.0
-1991.72
-1991.72
-388.4
-1991.72
-60.0
-225.0
679.58
50.34
-1991.72
-127.0
-1991.72
-85054.37
-438.2
-836.2
1985.72
-1991.72
-96.0
-750.0
-420.0
433.92
425.0
-90.42
-180.84
-472.26
-131.7
-85067.6
-2481.14
-1698.65
-1991.72
-1620.71
-1923.04
-313.08
-402.0
-85051.32
-679.58
2687.45
-1991.72
489.2
44.9
-591.76
-1785.68
-826.8
-1031.15
-1031.15
-1031.15
-1031.15
-1031.15
-85073.21
-1233.59
-2343.2
-37.26
-30.46
-92.05
-318.3
84.6
130.85
-1991.72
-98.49
-96.4
-44.92
-1923.04
-1985.72
1921.56
35.27
-85059.45
-165.0
-1991.72
-1685.45
-1685.45
-433.92
-1991.72
-190.0
-602.5
-2500.0
-84945.45
-1579.64
-59.6
-35.3
-31.19
-90.59
-48.68
-101.4
-334.31
208.74
76.3
-6711.5
-84526.51
-1854.36
-653.1
-279.0
-2011.25
-343.99
-55.92
-1923.04
-241.21
-2207.45
-1854.36
-647.06
-84860.09
-57.3
-298.13
-91.0
-1785.68
-480.0
-1921.65
-284.2
-85382.97
-1776.84
-86.4
-52.7
-2884.56
-1991.72
-107.95
-489.2
-1755.8
-85222.55
-57.3
-1305.0
-498.0
-45.0
-208.74
-210.32
-3340.18
-2905.42
-83615.35
-2340.0
-82030.29