-164.72
-1351.8
-87631.78
-2551.67
-29.79
-2054.16
-5780.14
-127.36
405.34
-891.0
-17066.2
-1294.9
-2419.95
-75.62
-66462.44
-2592.96
-4500.0
-45.78
-2757.49
-5536.86
-195.76
-13000.0
-199.0
-40000.0
-753.55
-74.0
-2000.0
-2000.0
-2589.13
-2770.37
-753.55
-95000.0
-11668.9
-6985.17
-5448.22
-9044.8
-20030.4
-2269.1
-481.0
0.36
-1128.1
-3800.0
-3700.0
-4500.0
-3900.0
-3600.0
-300.0
-9649.15
-23796.37
-399.0
-94.8
-10.44
-47.4
-3.48
-753.55
-753.55
-2589.13
-596.71
-22.12
-425.5
-105.0
-140.0
-1318.21
-1318.21
-1466.5
-257.04
-1085.2
-1.74
-0.12
-808.0
-32.99
94.8
-412.69
-8826.85
-2722.45
-76679.85
-2006.33
-1246.74
-3840.39
-55.68
-5330.84
-238.11
-875.0
-527.78
-163.2
-508.3
-603.0
-825.0
-74.0
-94.8
-2375.0
-686.8
-500.0
-37570.72
-4239.97
-30.62
-10.29
-11.12
-432.48
-23.1
-311.6
-21.9
-2.89
-20.16
-6.36
-0.58
-1.79
-19.18
-4.89
-20.72
-307.0
-76.0
-181.35
-80.0
-3.2
-1403.85
-689.33
-384.3
-202.85
-788.99
-476.0
-1500.0
-394.25
-407.0
-788.0
-2480.0
-181.35
-3900.0
-912.0
-749.77
-445.0
-250000.0
-392000.0
-955.9
-1249.33
-3024.94
-75.93
-84447.07
-2324.33
-46.63
-3215.21
-5342.0
-199.34
-16554.62
-321.75
-1303.97
-1249.58
-329.44
-88375.74
-819.02
-50.02
-3449.65
-5342.95
-213.88
-161.85
-155.35
-55.0
161.85
155.35
55.0
-31000.0
-35000.0
-35.0
-50.0
-37570.72
-4239.97
-30.62
-255.68
-171.38
-33187.5
-15.66
-105000.0
-7940.68
-500.0
-161.85
-155.35
-55.0
-1540.39
-1360.57
-226.87
-7657.24
-86746.59
-2314.35
-45.97
-3170.55
-5817.6
-196.57
616.06
-575.75
-499.0
-79.0
-1532.5
-1020.1
-1148.95
-125.0
-108.0
-14.0
-21.0
-1000.0
-4349.0
-1.74
-0.12
-7831.0
279.0
-500.0
-74.0
-742.24
-909.7
-266.84
-474.87
-250.25
-53.55
-700.0
-641.93
-1318.21
-105.0
-1276.2
-329.44
-88002.07
-3846.66
-46.94
-3237.54
-5456.83
-200.73
-575.75
-33.4
-2.8
-47.66
-2.09
-103.38
-26.39
-25.33
-23728.1
-11000.0
34728.1
-37570.72
-4239.97
-30.62
-35.0
-95.55
-73.5
-35.0
-179.0
-285.0
-472.2
-130.0
-200.0
-13000.0
-8826.86
-1264.53
-80843.82
-2192.49
-25.58
-1763.9
-5407.05
-109.36
-821.56
-950.08
-1868.0
-142.8
-405.34
-603.0
-444.0
-1.74
-264.0
-1651.25
-18.54
-25.7
-6.14
-11.9
-36.04
-1225.27
-85215.61
-3937.66
-41.12
-2835.64
-199.4
-5239.06
-175.81
199.4
-12000.0
-15.14
-28.44
-8.98
-8.73
-18.54
-15.29
-311.6
-6.54
-20.08
-25.62
-11864.05
11864.05
-5500.0
5500.0
-34.99
-17.18
-432.48
-6533.0
-107.75
-90.25
-1.5
-1.5
-1.5
-148.0
-555.0
-259.0
-37570.72
-4239.97
-30.62
-134.0
-500.0
-500.0
-500.0
-3215.84
-1346.92
145.0
245.0
180.0
-1179.54
-1226.34
-80945.36
-7028.37
-36.58
-2523.05
-5243.76
-156.43
960.0
-145.0
-245.0
-180.0
-194.35
-116.35
-257.55
-145.0
-245.0
-180.0
-48.52
-19.89
-16.68
-18.42
-5000.0
-1.74
-1050.55
-161.9
-247.0
-918.0
-603.0
-603.0
-603.0
-603.0
-824.6
-283.05
-710.3
-25.7
-30.0
-156.0
-150.0
-191.25
-128.0
-11864.05
-5500.0
-16625.0
-10112.05
-3000.0
-190.0
-2450.0
-2725.0
-2756.25
-386.04
-165.0
-51.77
-750.0
-155.25
-1500.0
-1500.0
-2883.0
-1.74
-2.09
-5.1
-10.29
-1318.21
-2589.13
-704.25
-753.55
-400.92
-1181.02
-83690.67
-1836.79
-42.57
-2936.11
-5049.85
-182.04
-7500.0
200.0
-140.0
-13.0
-180.0
-180.0
-185.0
-14.84
-18.42
-1500.0
-34.99
-1260.0
-517.12
-432.48
-200.46
-1194.18
-75587.61
-1914.65
-3965.72
-22.99
-1585.28
-5106.12
-98.29
-1.74
-32.78
-187.98
-5.51
-7885.77
-1191.01
-7145.8
-71731.44
-41.12
-2835.64
-5092.5
-175.81
-80.0
-3.2
-249.0
-317.9
-586.45
-871.75
-125.0
-446.3
-185.0
-185.0
-960.0
-1000.0
-150.0
-1318.21
-2589.13
-753.55
-140.0
-1093.71
-78408.48
-1647.22
-62.97
-877.06
-2649.01
-815.89
-4676.68
-269.21
-438.53
438.53
-3472.5
-1239.0
-500.0
-606.0
-500.0
-1478.95
-19.23
-242.4
-500.0
-250.0
-500.0
-500.0
-500.0
-500.0
-500.0
-2500.0
-500.0
-54492.45
-7500.0
-524.47
-704.25
-2.94
-41.16
-1902.46
-500.0
-1770.7
-500.0
-500.0
-1276.64
-20.31
-500.0
-157.72
-336.0
-524.47
-2589.13
-906.09
-814.29
-180.0
-180.0
-150.0
-81.0
-213.2
-16.0
-399.0
-12.27
-32.14
-42.92
-14.85
-7.82
-12.28
-51.4
-3.74
-14.22
-7973.45
-1104.74
-72843.26
-57.07
-3848.32
-87.71
-4723.81
-244.03
-16.04
-3.48
-76.0
-225.0
-150.0
-1848.96
-70.0
-1318.21
-36.4
-800.0
-1120.77
-81919.21
-54.79
-3902.53
-4792.21
-234.22
-112712.16
-12719.91
-91.86
-1263.0
-236.5
-16.04
-637.57
-24.6
-4152.75
-4050.0
-83154.42
-1122.0
-82005.46
-62.71
-4449.57
-4797.57
-268.12
-18731.7
-15011.8
-8097.9
-10560.6
-371.8
-352.59
-227.92
-854.25
-7500.0
-37570.72
-4239.97
-30.62
-47500.0
-2589.13
-1318.21
-3845.5
-1143.99
-82950.46
-61.91
-4393.75
-4891.57
-264.67
-84000.0
-16282.32
-5535.0
-12317.5
-8500.0
-3300.0
-76950.0
-17751.62
-12000.0
-7400.58
-34496.76
-16.04
-444.0
-629.0
-4455.6
-41.29
-14.7
-47.04
-47.04
-66.4
-2272.84
-4000.0
-356.7
-461.1
-5247.38
-225.35
-7973.48
-74748.26
-1227.21
-6527.07
-3546.89
-87.71
-52.7
-1.74
-1.74
-751.0
-1338.16
-704.25
-2589.13
-72.0
-4000.0
-4750.0
-3013.0
-112712.16
-12719.91
-91.86
-37570.72
-4239.97
-30.62
12719.91
91.86
37570.72
4239.97
30.62
-888.25
-302.9
-801.5
-371.8
-572.75
-324.2
-911.75
-715.75
-175.0
-70.0
-4833.63
-202.69
-82867.96
-1130.44
-3534.12
-47.41
-220.2
-7.98
-22.62
-15.3
-165.88
-4239.97
-30.62
-37570.72
-12719.91
-91.86
-4737.68
-144.55
-2296.5
-565.76
-73945.71
-14.24
-4319.52
-1107.98
-2596.35
-33.81
-1426.6
-8536.4
-337.0
357.22
-279.0
-1243.97
-2589.13
-704.25
-1427.52
-529.59
-77359.43
-604.99
-2521.16
-1123.23
-1860.34
-43.86
-27.61
-4802.65
-118.06
-2982.0
-5410.0
-4.11
-1.99
-5.95
-13.21
-1.54
-11.42
-5.1
-2.29
-10.04
-36.04
-1.74
-336.95
-999.0
-15.75
-279.0
-742.5
-8550.0
-7000.0
-5000.0
-357.22
-5.88
-128.7
-24.75
-3.18
-10.02
-1.79
-3.74
-4.4
-1.39
-14.5
-11.28
-40.14
-33.78
-12.3
-12.88
-24.1
-272.5
-24.29
-4.92
-5.02
-6.65
-2589.13
-1001.25
-692.0
-3814.4
-2400.0
-279.0
-870.35
-1635.8
-41.16
-200.0
-3490.0
-22.62
-7.98
-13.04
-97.37
-8.08
-24.26
-16.6
-52.2
250.0
-8744.72
8744.72
-22.49
-20.49
-249.0
-2500.0
-1817.2
-493.57
-541.48
-79089.49
-1762.04
-1113.86
-2652.17
-36.02
-4762.71
-153.97
-780.12
-747.5
-507.2
-8744.72
-0.82
-3.37
-3.57
-3.37
-5.99
-1.99
-2.81
-1.07
-4.79
-3.34
-0.38
-2.05
-5.63
-1.88
-8.86
-7.82
-22.52
-10.73
-27.25
-576.64
-25.28
-1500.0
-1141.61
-67.5
-5825.68
-2728.1
-407.45
9.0
-495.27
-7973.47
-347.87
-1119.31
-967.05
-70897.19
-1524.52
-28.87
-1950.45
-87.71
-4786.1
-123.44
-250.0
-2231.25
-390.0
-1.93
-10.29
-7.81
-3.59
-7.2
-9.59
-35.13
-43.8
-5.35
-11.65
-17.58
-93.99
-30.12
-69.3
-3.79
-272.5
-606.0
-42.6
-70.0
-200.0
75.0
-75.0
14.85
-808.0
-848.4
-606.0
-1210.81
-969.6
-1292.8
-2916.88
-500.0
-5.85
-1000.0
-14.85
-50.0
-1000.0
-128.36
-84.07
-500.0
-1777.6
-992.16
-1826.08
-585.5
-250.0
-1045.0
-500.0
-106.24
-3675.0
-5.88
-2375.0
-15.6
-13.85
-800.0
-82875.31
-2786.14
-38.17
-4864.19
-163.2
-76.4
-19.23
-27.57
-16.9
-500.0
-678.72
-640.0
-500.0
-500.0
-227.5
-1500.0
-160.62
260.0
-306.0
-14.85
-500.0
-15.25
-25.0
-4205.67
-25.49
-47.99
-193.05
-1256.41
-704.25
-486.54
-492.54
-1000.0
-188.5
-260.0
-81439.7
-1369.4
-18447.15
-1060.16
-15.03
-5855.46
-64.22
-1500000.0
-1714.03
-5672.99
-7874.66
-8961.1
-11000.7
-60.0
-3000.0
-110764.4
-17.0
-75.0
-10.29
-576.64
-140.0
-371.8
-1500.0
-268.0
2361.0
-378.0
-357.0
-88.2
-184.8
-29.4
-45.75
-445.0
-5.85
-4537.5
-166.97
-16000.0
-33000.0
-2361.0
-73858.94
-1061.19
-2813.33
-39.05
-941.34
1228.73
-8.4
-127.98
-500.0
-1228.73
-1696.92
-5484.55
-76135.53
-1.05
-4.2
-4.2
-4.2
-4.2
-4.2
-11.7
-15.25
-810.18
-1798.0
-2065.32
-3875.0
-5830.0
-73.9
-76.8
-114.0
-627.9
-628.9
-1000.0
-1000.0
-1750.0
-16.5
-157.95
-1256.41
-75.0
-93.0
-93.0
-597.03
-603.0
-125.0
-883.0
-30493.0
-948.0
-43.0
-24960.0
-27578.75
-46.0
-100.0
-206.09
-428.32
-500.0
-500.0
-622.16
-689.18
-1292.8
-2813.85
-3510.0
-5500.0
-5691.1
-73622.59
-366.5
-483.0
-12762.5
-72.3
-207.26
-230.0
-250.0
-330.64
-352.21
-404.0
-606.0
-709.88
-2500.0
-12450.0
-0.75
-0.85
-4.29
-5.71
-6.66
-6.79
-7.99
-10.19
-10.29
-13.04
-15.09
-15.29
-18.24
-29.79
-52.2
-163.5
-432.48
-15.0
-339.0
-502.5
-1043.75
-47000.0
-279.0
-3767.14
-5280.77
-73715.56
-3.38
-10.99
-36.92
-70.0
-10.0
-704.25
-85.0
-499.0
-704.25
-1256.41
-2513.72
-2589.1
-2589.1
-243.46
-3303.4
-5116.88
-71537.17
-17.55
-43.0
-46.0
-883.0
-3510.0
-30493.0
-60.0
-2500.0
-15.85
-33.0
-34.48
-169.65
-193.5
-199.62
-250.0
-345.0
-350.0
-488.47
-500.0
-500.0
-641.58
-1212.0
-1375.0
-185.52
-23.52
-250.0
-500.0
-500.0
-500.0
-600.0
-641.11
-727.2
-1500.0
-236.72
-383.2
-3214.35
-5009.38
-6191.67
-6262.81
-79541.92
-1200.0
-500.0
-517.12
-6234.14
-15000.0
-15122.72
-284674.0
-11.7
-11.7
-17.55
-20.31
-128.28
-199.69
-216.73
-250.0
-341.33
-500.0
-500.0
-500.0
-600.0
-808.0
-1551.36
-2585.6
-25.0
-105.0
-775.67
-1436.0
-1500.0
-2722.71
775.67
379.46
195.0
11.7
-95.0
-145.6
-175.0
-311.0
-369.9
-379.46
-491.53
-704.25
-1462.19
-2513.72
-4885.0
-7358.0
1462.19
-169.66
-379.46
-388.75
-500.0
-500.0
-500.0
-500.0
-500.0
-646.4
-848.4
-862.5
-1010.0
-1414.0
-1573.97
-1975.0
218.14
129.93
66.29
25.0
8.0
-19.22
-20.0
-64.0
-272.5
-294.85
-373.5
-1061.54
-1256.41
-1462.19
-1739.83
-2922.5
-6.32
-82.6
78.0
-5.85
-33.0
-80.0
-180.0
-187.2
-187.2
-200.0
-211.01
-442.54
-516.35
-704.25
-2500.0
-2513.72
-2878.34
-5690.79
-79435.53
-600.0
516.35
-145.0
-195.0
-742.25
-775.67
-1380.0
-5974.1
-6752.32
-8622.5
-11141.41
-18241.0
-22000.0
-1.9
-3.74
-5.48
-5.74
-5.99
-8.66
-12.67
-18.71
-20.56
-22.18
-23.44
-25.74
-37.92
-270.0
-516.35
-800.0
-1917.0
-1988.0
-2228.2
-6801.48
-43.0
-46.0
-883.0
-3510.0
-13609.5
-30493.0
-271.54
-3669.58
-5742.48
-80112.03
-368.75
-1203.92
-3494.65
-4687.5
-11.76
-13.8
-31.76
-35.28
-65.27
-70.0
-206.64
-279.84
-500.0
-500.0
-600.0
-1723.05
-185.0
-1750.0
-61.43
-4100.8
-237.01
-3219.33
-3435.0
-5701.52
-79575.08
-70.0
-320.7
-329.45
-140.0
-145.0
-687.5
-45.42
-135.0
-500.0
-625.0
-8000.0
-2.49
-3.19
-3.21
-4.92
-6.29
-6.94
-10.56
-14.99
-15.58
-25.0
-93.99
-107.66
-149.0
-163.5
-211.3
-279.0
-279.0
-576.64
-43.0
-46.0
-883.0
-3510.0
-30493.0
-112.5
-177.56
-180.0
-2321.33
-5914.69
-77115.63
-36.4
4034.88
-245.0
-508.0
-49.5
-66.0
-192.1
-210.6
-274.95
-436.54
-704.25
-977.25
-1243.41
-1256.41
-2513.72
-2513.72
-52500.0
-500.0
-2278.06
-3850.0
-1499.0
-1.0
-3.0
-130.0
-210.0
-320.5
-463.38
-696.0
-1672.5
-5.85
-18.18
-23.4
-45.42
-250.0
-302.1
-500.0
-500.0
-500.0
-500.0
-515.0
-1076.5
-1486.72
-35.0
-36.04
-100.0
-248.01
-300.0
-541.84
-627.9
-1166.66
-1500.0
-3362.19
-5626.51
-78532.96
-200.5
-67787.68
-883.0
-12876.37
-30493.0
-43.0
-46.0
-458.85
-500.0
-719.12
-1000.0
-1010.0
-2133.12
-3510.0
-287.03
-694.8
-3871.72
-5683.79
-79280.82
-5089.5
-3900.0
-404.0
-7393.2
-65679.61
-144.05
-250.0
-500.0
-500.0
-500.0
-500.0
-1730.47
-117.31
-400.0
-150.0
-199.0
-199.0
-476.5
-184.8
-225.75
-480.86
-734.85
-899.35
-2560.54
-2592.5
-5882.96
-6285.75
-6681.11
-86916.53
1900.0
-105.0
-1000.0
-2000.0
-9.0
-289.36
-5400.0
-18427.5
-149.33
-150.0
-175.0
-211.5
-225.0
-252.5
-425.0
-725.25
-1051.8
-4413.5
-10318.1
-11250.0
-22091.59
-28153.48
-37612.5
-96.84
-188.27
-250.0
-357.95
-500.0
-721.2
-843.99
-850.0
-43.0
-46.0
-682.2
-883.0
-1000.0
-1023.56
-1604.6
-2179.45
-2505.0
-3510.0
-30493.0
-2.72
-3.37
-3.47
-4.98
-5.97
-7.58
-9.87
-12.36
-12.88
-13.28
-13.79
-13.79
-14.76
-27.36
-272.5
-614.88
-7700.0
-7815.22
-16350.0
-213.49
-2886.56
-6169.03
-86055.87
-137.05
-149.65
-221.0
-275.0
-2500.0
-2500.0
-46.99
-47.34
-75.0
-84.0
-90.0
-166.36
-324.65
-500.0
-500.0
-513.69
-547.68
-1000.0
-1139.28
-1289.59
-1414.0
-1670.0
-2424.0
-1473.0
-5.0
0.99
-1.57
-1.66
-3.8
-5.76
-7.81
-9.92
-10.29
-11.98
-14.85
-23.96
-41.12
-409.92
475.5
-4.5
-169.26
-180.0
-1600.0
-2308.51
-2358.0
-6166.6
-85982.7
-9.6
-45.0
-249.0
-346.0
-658.18
-1768.54
-2513.72
-971.76
-1000.0
-27000.0
1142.78
-129.99
-147.0
-180.0
-214.81
-350.6
-365.0
-849.8
-279.0
279.0
-140.0
-180.0
-180.0
-279.0
-3825.0
-70.0
-200.0
-3.0
-68.2
-134.9
-182.0
-215.0
-234.0
-629.4
-917.45
-1218.8
-6.6
-86.25
-883.0
-30493.0
-11.7
-43.0
-126.99
-150.0
-185.0
-295.25
-325.67
-475.5
-877.76
-1755.89
-5680.89
-79558.58
-24.75
-33.0
-181.35
-187.2
-788.18
-1142.78
-2513.72
-19.23
-34.88
-150.0
-225.0
-225.0
-247.25
-280.0
-303.24
-401.68
-426.93
-475.0
-500.0
-500.0
-500.0
-500.0
-500.0
-500.0
-700.0
-1236.24
-1755.02
-5000.0
-5005.0
-30000.0
-39900.0
14031.0
3510.0
125.0
46.0
-46.0
-46.0
-3510.0
-3510.0
-232.0
-279.0
70.0
-13.5
-60.0
-600.0
-198.28
-279.0
-2688.01
-5730.78
-80211.0
-9.45
-590.2
-1500.0
-1500.0
-2502.85
-80.0
-476.4
-158.0
-195.0
-1800.0
1287.0
-59.98
-91.53
-123.36
-250.0
-400.0
-500.0
-500.0
-516.0
-803.62
-808.0
-880.0
-1287.0
-1640.71
-1943.0
-4545.19
-35.0
-136.55
-291.6
-322.65
-445.9
-500.0
-935.35
-980.92
-1003.3
-122.83
-1701.69
-5912.61
-82588.22
-27.69
-43.0
-46.0
-249.0
-883.0
-3510.0
-9900.0
-14031.0
-30493.0
-37485.2
-56227.8
5400.0
5.85
-5.85
-11.7
-30.0
-1287.0
-2500.0
-4092.23
-41.4
-205.25
-1180.05
-176.2
-364.25
-471.59
-658.18
-3180.0
-4320.0
-5400.0
-1300.0
30.0
-262.14
-502.92
-807.05
-830.9
-1066.46
-1965.71
-3522.6
-5954.99
-6574.48
-83181.73
-750.0
-2.59
-2.97
-7.58
-7.79
-16.62
-23.96
-38.44
-40.14
-163.5
-614.88
-818.75
-883.0
-1073.0
-1459.8
-1750.0
-30493.0
-400.0
-869.8
-4223.17
-4500.0
-133.4
-228.6
-413.37
-529.88
-2000.0
-97.74
-100.0
-500.0
-500.0
-500.0
-1000.0
-1048.0
-4848.0
1218.8
629.4
-75.0
-93.34
-130.27
-144.0
-195.0
-250.0
-310.32
-319.96
-428.27
-480.0
-629.4
-869.8
-1000.0
-1000.0
-1000.0
-1218.8
-1280.0
-2504.8
-3393.6
-21720.51
-224.82
-3034.87
-5745.74
-79800.12
-109.4
-182.02
-222.3
-1109.3
-1201.8
-2513.72
-0.5
-0.7
-1.99
-3.29
-3.49
-4.13
-4.92
-4.95
-4.98
-5.58
-6.03
-7.94
-8.65
-10.68
-10.69
-11.76
-13.95
-14.95
-15.06
-16.5
-20.56
-22.56
-25.98
-33.26
-43.0
-52.33
-187.98
-218.0
-250.0
-341.6
-46.0
-3510.0
-11.7
100.0
-80.0
-105.0
-325.04
-780.39
-3468.42
-6117.99
-79884.36
-279.0
-430.0
-1079.21
-1.5
-57.75
-175.5
-346.0
-420.02
-658.18
-875.0
-2513.72
-9.0
-12.0
-513.04
-0.55
-2.49
-10.28
-11.94
-17.79
-21.0
-53.99
-2286.0
-80.0
-80.0
-80.0
-243.4
-1.8
-2.22
-3.74
-3.84
-4.4
-5.28
-5.36
-5.99
-7.96
-11.1
-11.96
-11.99
-12.67
-12.88
-13.48
-13.48
-13.48
-14.28
-14.28
-26.99
-27.36
-100.0
-140.4
-250.0
-358.65
-368.33
-500.0
-500.0
-500.0
-500.0
-544.63
-729.88
-1123.4
-2875.0
-4.0
-13.5
-500.0
-1582.74
-1657.3
-2000.0
-161.81
-2211.1
-5809.68
-80457.84
2000.0
1582.74
500.0
-29.55
-51.0
-500.0
-1029.15
-35.29
-100.0
-125.32
-234.33
-422.55
-500.0
-500.0
-500.0
-500.0
-500.0
-500.0
-500.0
-500.0
-528.0
-1000.0
-1137.52
-2500.0
-4700.0
500.0
-33.43
-70.0
-180.07
-500.0
-500.0
-500.0
-500.0
-500.0
-500.0
-500.0
-500.0
-952.0
-1200.0
-1312.0
-1582.74
-1680.0
-1840.0
-2000.0
-4565.0
-27.0
-883.0
-30493.0
-29.25
-90.0
-43.0
-46.0
-373.1
-3510.0
-19000.0
510.91
-18.0
-179.0
-255.45
-255.46
-279.0
-279.0
-327.67
-510.91
-1294.83
-3867.9
-5766.55
-9946.0
-10082.2
-20000.0
-79894.01
-88.2
-106.05
-444.47
-514.35
-1409.71
-225.0
-7787.29
-5.48
-135.0
-171.71
-210.0
-377.5
-893.75
-931.18
-1778.82
-3200.0
-3566.42
-4657.5
-5303.34
-6497.15
-7784.44
-10228.6
-352.07
-599.0
-1.07
-3.11
-4.89
-7.58
-10.81
-16.79
-18.29
-19.7
-22.56
-52.33
-118.11
-135.0
-249.05
-409.92
-456.75
-2100.0
-2513.72
-3387.78
-5662.14
-78565.41
1414.68
500.0
-0.43
-2.99
-3.26
-4.74
-4.78
-6.64
-7.72
-7.99
-14.58
-18.19
-18.55
-27.36
-32.36
-44.36
-130.0
-149.25
-500.0
-213.44
-269.3
-1.29
-3.04
-3.24
-9.57
-10.8
-20.56
-22.53
-22.56
-68.65
-163.5
-11.7
-22.99
-24.75
-26.2
-33.1
-41.99
-80.45
-96.95
-112.23
-150.0
-163.8
-175.5
-196.7
-320.25
-375.0
-435.0
-500.0
-658.18
-750.0
-757.7
-1061.54
-1300.0
-1414.68
-2274.07
-2513.72
-43.0
-46.0
-883.0
-3510.0
-30493.0
-5.0
-10.0
-118.15
-130.0
-732.85
-2714.0
-297.11
-4016.43
-5741.2
-79564.42
-34.8
-188.23
-320.56
-342.4
-500.0
-500.0
-995.0
-1200.0
-1500.0
-1700.0
-3360.0
-270.5
-494.35
-561.12
-847.5
-3674.95
-2000000.0
-42.93
-70.6
-104.8
-266.15
-460.45
-1300.0
-1823.17
-2831.35
-1750.0
722.75
55.29
-152.05
-1355.46
-2030.77
-5158.63
-17718.43
-72076.56
-39.0
-268.0
-43.0
-46.0
-883.0
-3510.0
-30493.0
535.59
-212.5
-672.0
-1012.5
-1200.0
-60.0
-350.6
-2944.0
-6.45
-16.5
-17.55
-115.0
-445.0
-2875.0
55.0
-2836.5
-2836.5
-2836.5
-2836.5
-323.67
-1341.49
-4400.53
-4820.03
-67627.03
200.0
-69688.83
-5016.87
-398.48
-140.0
-5013.3
-403.43
-4907.5
-58537.76
-1499.57
-1097.7
-457.85
-397.0
-658.18
-822.68
-2294.0
-325.5
-24.31
-107.0
-2016.0
-4500.0
-8069.75
-1000.0
-500.0
-946.24
-397.0
-1070.48
-500.0
-44.86
-130.45
-16.1
-5.19
-17.61
-2.49
-3.12
-13.42
-8.39
-1.29
-21.7
-34.16
-7.42
-16.5
-8.22
-3081.0
-32.0
-326.0
-1770.0
-305.0
-209.0
-209.0
-62.5
-246.13
-435.0
2016.0
-2513.72
-17.79
-163.8
-82.5
-1242.46
-17.55
-1500.0
-7500.0
-20356.18
-6432.0
-30036.0
-279.0
-43.0
-68160.28
-2577.52
-3020.0
-5117.03
-191.67
-2440.5
-658.18
-1061.54
-1134.24
-93.16
-200.25
-500.0
-1376.12
-1200.0
-1200.0
-500.0
-84.0
-159.99
-8833.16
-6385.21
-2753.99
-2633.0
-9719.32
-3849.83
-724.0
-5458.86
-267.16
-98.15
-1060.84
-680.0
-19.1
-500.0
-460.0
-1432.0
-1362.0
-2016.0
-500.0
-836.89
-500.0
-354.31
-500.0
-1584.0
-332.84
-100.0
-2720.0
-93.19
-172.07
-1480.0
-122.33
-500.0
-1150.0
-1000.0
-150.0
-69.0
-900.0
-687.25
-1234.85
-466.35
-15.0
-18000.0
-1600.0
-378.05
-240.9
-735.0
-233.75
-341.6
-7.0
-55.0
-14.84
-236.97
-5.48
-1.78
-4.89
-5.41
-1.56
-44.95
-49.95
-4.89
-273.28
-4.4
-4.58
-325.0
-284.7
0.55
15.26
-16.35
-74245.65
-2632.34
-2359.02
-150.0
-5550.07
-174.96
-0.55
-328.4
-3023.56
1170.49
1070.56
1094.46
1084.52
-15.26
-3500.0
-1504.0
-727.59
-5.85
-35.0
-35.0
-97.5
-71002.74
-2507.78
-140.0
-5117.6
-186.34
-30036.0
-279.0
727.59
-1170.49
-1070.56
-1094.46
-1084.52
-58.5
-33.0
-3081.0
-32.0
-43.0
-6038.99
-68852.5
-4.5
-911.45
-689.95
-88.0
-5.85
-3100.0
-37.99
-250.0
-250.0
-2065.0
-500.0
-500.0
-1248.0
-339.28
-55.0
-19.0
-130.0
-5000.0
-333.9
-845.0
-70774.8
-2220.89
-140.0
-5100.02
-164.39
-5109.29
-390.82
-25.0
-339.15
-500.0
-1000.0
-727.59
-2000.0
-483.95
-169.65
-33.0
-175.5
-33.0
-352.55
-160.0
-486.9
-175.0
-446.99
-221.0
-658.18
-658.18
-2440.5
-2440.5
-324.0
-292.5
-49.5
-93.6
-1451.57
-5.85
-29.25
-11.7
-77.97
-16.5
-2440.5
-658.18
-375.0
-70421.53
-2263.39
-140.0
-5073.08
-167.63
-30036.0
-279.0
-3081.0
-32.0
-43.0
-350.5
-10000.0
-130.0
-4675.0
-600.0
-18.0
-78.0
-430.0
-451.0
-391.5
-572.57
-234.0
-70696.8
-2018.98
-150.0
-5085.54
-148.95
-140.0
-300.0
-2277.72
-1817.17
-518.4
-430.0
-100.0
-20303.88
-5000.0
-7600.0
-250.0
-500.0
-500.0
-750.0
-484.83
-182.23
-113.87
-375.0
-367.88
-988.0
-500.0
-200.0
-250.04
-100.0
-511.34
-1544.0
-500.0
-500.0
-840.0
-1760.0
-500.0
-500.0
-320.75
-799.4
-36.84
-1500.0
-193.7
-7.0
-194.99
-186.9
-271.22
-174.35
-259.97
-573.67
-10.0
-26.94
-64945.05
-2040.25
-140.0
-5251.25
-150.57
536.55
-557.25
-30036.0
-279.0
-3081.0
-32.0
-43.0
-74267.86
-2284.64
-5685.67
-174.78
-130.0
-160.0
-279.0
-661.78
-1750.0
-941.76
-536.55
-279.0
-249.0
-249.0
-52.5
-126194.26
-220.0
100.0
-43.0
-21.5
-25.0
-130.0
-72899.23
-2489.51
-150.0
-5254.54
-180.95
-450.81
-451.02
-34.49
-34.5
-1680.7
-350.0
-10.29
-771.52
-63.21
-4892.68
-2638.08
-1940.62
-250.0
-500.0
-500.0
-442.39
-239.6
-400.0
-850.0
-2000.0
-1400.0
-124.93
-250.0
-100.0
-443.13
-250.0
-500.0
-1280.0
-250.0
-250.0
-90.6
-500.0
-500.0
-500.0
-250.0
-500.0
-2500.0
-896.0
-457.49
-250.0
-1840.0
-896.0
-3000.0
-750.0
-2975.83
-3554.38
-139.99
-536.55
-319.25
-50.0
-9.0
-75150.77
-2450.0
-150.0
-5421.42
-177.86
-100000.0
-75.0
-30036.0
-279.0
-3081.0
-32.0
-43.0
-1750.0
-99.3
-2440.5
-615.12
-735.12
-2440.5
-658.18
-2440.5
-169.65
-16.5
-278.4
-200.0
-408.08
-1895.31
100.0
-40.72
-74843.16
-2705.0
-150.0
-5387.27
-197.38
-5027.92
-384.64
-10.29
-716.95
-241.95
-362.84
-160.0
-7.63
-15.81
-291.0
-78.0
-350.0
-155.0
-140.0
1.0
1.0
-9146.17
-3437.5
-2507.5
-1693.0
-4469.0
-1287.0
-1016.0
-437.0
-5621.84
-70.0
-970.25
-7.59
-8.99
-1.0
-1.0
-17.55
-1500.0
-74923.43
-2768.78
-150.0
-5403.99
-202.24
-130.0
-175.0
-423.1
-65.33
-6.52
-35.0
-504.55
-445.0
-707.13
-1770.0
-979.0
-924.55
-840.0
-406.87
-1800.0
-67.76
-208.65
-100.0
-620.2
-1000.0
-1473.24
-3081.0
-32.0
-43.0
-30036.0
-279.0
-233.75
-349.0
-1000.0
-279.0
-74253.54
-2758.13
-150.0
-5352.08
-201.43
-240.0
-1153.43
-500.0
-220.92
-2496.0
-500.0
-100.0
-500.0
-315.59
-1770.0
-362.5
-500.0
-37.1
-250.0
-374.14
-500.0
-500.0
-18.04
-276.1
-2262.51
-49.95
-263.1
-40.5
-312.0
-1042.16
-1051.88
-1323.22
-163.8
-24.75
-157.95
-41.25
-17.09
-350.0
-40.0
-403.98
-920.24
-172.58
-29.95
-190.0
-155.0
-13.71
-1049.25
-17.55
-160.0
-1551.25
-70.0
-2277.08
-160.0
-42.5
-67959.1
-2226.84
-150.0
-4875.98
-160.79
-30036.0
-279.0
-3081.0
-32.0
-43.0
-803.65
-599.4
-1800.0
-108.95
-500.0
-500.0
-210.0
-500.0
-500.0
-720.0
-2400.0
-886.25
-858.25
-1000.0
-500.0
-790.0
-2241.9
-1400.0
-1000.0
-225.0
-350.0
-299.67
-250.0
-1600.0
-200.0
-500.0
-272.5
-1823.17
-180.4
-308.16
-4050.0
-64952.6
-2981.3
-150.0
-4651.25
-212.98
-26.49
-81.46
-150.0
-13800.0
13800.0
270.0
-62500.0
-62500.0
-1762.35
-13800.0
-9200.0
-99.95
-16.19
-396.0
-69449.64
-1497.4
-4420.31
-601.01
-150.0
-5107.53
-380.07
-1000.0
-3030.0
-435.0
-344.45
-5444.21
-4875.78
-105.0
-22.7
-815.94
-56.71
-37.89
-744.0
-25.0
-250.0
-30036.0
-279.0
-3081.0
-32.0
-43.0
-105.0
-35.1
-6.95
105.0
-9366.06
-222.65
-457.24
-385.0
-1155.0
-3500.0
-32.1
-77604.27
-3781.45
-3013.17
-170.0
-5879.32
-226.45
-350.0
-243.0
-1400.0
-880.0
-1000.0
-500.0
-11.13
-2650.47
-446.36
-35.78
-900.0
-1000.0
-2079.79
-250.0
-200.0
-100.0
-1512.0
-700.0
-1320.0
457.24
-78.4
-130.0
-198.9
-66.0
-146.25
-2440.5
-615.12
-2440.5
-51.16
-935.0
-250.0
-77325.44
-1478.2
-2248.09
-170.0
-5681.81
-167.91
-5585.89
-427.34
-18016.56
-5785.67
-5000.0
-28000.0
-70.0
-24.51
-48.89
-70.0
-70.0
-2000.0
-500.0
-500.0
-1657.82
-500.0
-100.0
-500.0
-500.0
-1496.0
-500.0
-300.0
-500.0
-500.0
-930.23
-445.75
-250.0
-1032.0
-629.44
-15.0
-30036.0
-279.0
-3081.0
-32.0
-43.0
-20.5
-25.0
-20.0
-135.0
-166.0
-235.1
-25.0
-25.0
-118.5
-3500.0
-1000.0
-1750.0
-3.5
-1.52
5.03
-77596.87
-45.0
-2503.13
-5945.02
-191.53
-5.03
-940.27
-10.0
-3031.22
-10.0
-483.75
-10.29
-340.64
-1610.0
-299.0
-377.5
-94.5
-17.75
-17.75
-137.0
-107.16
-35.0
-10000.0
-6721.8
35.0
-510.0
-592.0
-298.0
-457.24
-985.71
-2440.5
-615.12
-1500.0
-76546.85
-2248.09
-180.0
-5495.03
-167.92
-3739.0
85000.0
-1500.0
-500.0
-500.0
-1000.0
-500.0
-256.0
-9138.49
-606.95
-55.09
-859.64
-176.51
-63.76
-696.0
-5555.48
-17500.0
-7500.0
-6908.0
-7202.0
-85000.0
-30036.0
-279.0
-75.0
-101.66
-3081.0
-32.0
-43.0
-83.48
-83.48
-6.39
-6.39
-76523.2
-2387.97
-180.0
-5493.13
-178.67
-50.0
25.0
-1526.22
-299.0
-50000.0
-85000.0
-62500.0
-21784.0
-2000000.0
100.0
-245.7
-58.5
-28.8
-70.0
-276.0
-262.25
-570.4
-340.0
-160.5
-268.0
-500.0
-2500.0
-1656.0
-600.0
-100.0
-840.0
-294.57
-2300.5
-1517.92
-21.32
-500.0
-500.0
-340.46
-1000.0
-500.0
-640.0
-1000.0
-1280.0
-2300.0
-34.23
-125.0
-144.0
-21.0
-22.0
-48.0
-10.0
-10.8
-300.0
-125.0
-281.17
-39.73
-76599.37
-2843.16
-180.0
-5499.04
-213.44
457.24
-2440.5
-615.12
-2440.5
-615.12
-5.85
-5.85
-100.1
-385.27
-284.0
-615.12
-2587.06
-1139.16
-973.6
-818.0
-212.2
-175.75
-457.24
100.0
-125.0
-803.73
-43.0
-3081.0
-32.0
-30036.0
-279.0
-55.0
-32.58
-191.0
-2600.0
-250.0
-1750.0
-32.27
-500.0
-250.0
-500.0
-76290.98
-307.11
-2396.86
-180.0
-5502.71
-179.29
-1080.0
-1200.0
-3000.0
-53.8
-15.0
-136.3
-95.0
-492.97
-277.41
-193.44
-543.24
-25.0
-170.0
-1584.0
-760.0
-1600.0
-572.95
-1120.0
-1260.0
-726.0
-1000.0
-1485.0
-159.1
-520.38
-1800.0
-17.7
-88.27
-674.33
-55.0
-213.0
-510.0
-162.0
-70.0
-1254.67
-52.99
-34.08
-59.89
-1294.15
-1897.84
-72143.3
-2219.96
-180.0
-5165.74
-165.79
-15356.21
-1174.76
-144.0
-10.0
-48.0
-204.0
-518.35
-500.0
-32.07
-282.48
-960.0
-500.0
-462.72
-864.0
-500.0
-12.0
-250.0
-360.0
-70.0
-60.0
-60.25
-21.0
-170.75
-397.7
-589.36
-433.4
-68019.2
-3314.17
-170.0
-4863.73
-245.52
-30036.0
-279.0
-43.0
-3081.0
-32.0
-67081.61
-3397.54
-738.64
-4852.34
-252.7
-5191.27
-146.75
-615.4
-886.5
-5.85
-58.5
-350000.0
-501.65
-2466.39
-499.0
-938.74
-615.12
-700.0
-12827.0
-422.8
-3153.6
3153.6
-8500.0
-2853.55
-2649.63
-2836.0
-475.0
-61324.5
-2369.3
-1020.03
-95.0
-1750.0
-2521.72
-1050.16
-4500.0
-11496.58
-10637.67
-3129.68
-3052.45
-1607.92
-1208.7
-1123.5
-5072.22
-70.0
-262.5
-79.8
-150.0
-39.0
-916.5
-5.85
-5.85
-725.52
-385.27
-385.27
-68820.79
-2709.94
-694.35
-4981.99
-200.09
-27760.0
-792.0
-2677.0
-41.0
-105.0
-885.68
-297.5
-175.0
-335.0
-160.0
-197.07
-10.29
-615.12
-615.12
-615.12
-2853.55
-2853.55
-1026.7
-2000.0
-1600.0
-2000.0
-1736.0
-28.0
-28.0
-203.9
-281.0
-426.2
-616.0
-480.0
-293.4
-48.0
-24.0
707.2
-69697.78
-3262.1
-694.35
-5049.15
-242.34
-250.0
-250.0
21250.0
-707.2
-36.0
-967.49
-12.0
-100.2
-48.8
-875.0
-526.65
-203.9
-758.48
-70.56
-64.18
-39.0
-76.0
-456.5
-75.0
-707.2
-637.5
-119.17
-69624.06
-2876.62
-738.64
-5041.21
-214.19
-299.0
-18.0
-11.7
-484.78
-517.0
-62.0
-313.28
-269.7
-303.2
-500.0
-80.0
-2160.0
-2040.0
-1.5
-20.0
-100.0
-250.0
-12275.13
-500.0
-500.0
-42.74
-46.74
-500.0
-500.0
-500.0
-500.0
-956.0
-299.7
-268.36
20.0
-27760.0
-792.0
-2677.0
-41.0
-30.0
-70093.41
-3210.0
-841.51
-5085.06
-241.03
-3433.63
-2000.0
107.78
-499.0
-500.0
-500.0
-1792.5
-47236.81
-2949.81
-2730.0
-1000.0
-2500.0
-1233.6
-2456.0
-1100.0
-1000.0
-1249.3
-2650.0
-1500.0
-2500.0
-20.0
-359.0
-175.0
-221.0
-113.75
-232.0
-770.6
-176.15
-250.0
-875.0
-57.5
-975.0
-268.8
-500.0
-880.0
-500.0
-512.0
-610.34
-207.1
-500.0
-19.24
-250.0
-134.56
-371.45
-500.0
-567.67
-705.0
-500.0
-363.95
-383.7
-1.5
-2843.75
-1118.3
-2950.0
-71223.39
-3553.78
-704.35
-5169.82
-267.32
-4990.84
-381.77
-312.8
-243.0
-212.5
-3249.5
-273.0
-1800.65
-205.0
-141.62
-27760.0
-792.0
-263.3
-171.38
-400.08
-1500.0
-9900.0
-1308.07
-876.4
-1812.5
-1806.95
-1188.0
-1000.0
-1814.72
-1194.53
-1660.0
-1000.0
-1200.0
-1204.0
-3008.0
-1312.0
-1400.0
-1200.0
-448.0
-2331.5
-1889.94
-204792.0
-2677.0
-41.0
204792.0
-70717.8
-2949.56
-5414.96
-225.65
-57.5
-200.0
-361.54
-140.75
-615.46
-190.93
-216.0
-320.9
-25.0
-126.75
-500.0
-500.0
-100.0
-250.0
-200.9
-21.75
-758.26
-192.48
-807.85
-249.99
-375.46
-720.0
-20.0
-93.0
-30.55
-2836.5
-2836.5
-2836.5
-2836.5
-867.0
-925.0
-25.0
-281.25
-253.75
-43.55
-185.15
-178.5
-249.0
-71171.65
-2376.57
-670.06
-5155.36
-177.27
-331.0
-130.0
-500.0
-238.35
-500.0
-12.99
-26.0
-950.46
-225.0
-15725.0
-11999.87
-696.0
-286.35
-55.0
-180.77
-63.0
-315.5
-906.95
-2990.0
-27760.0
-792.0
-2677.0
-41.0
-314.5
-70.0
-299.0
-74851.03
-2845.39
-190.0
-5400.1
-213.14
-70.0
-369.59
-513.23
-55.25
-800.0
-873.79
-943.07
-67.5
-500.0
-134.9
-15.54
-179.0
-675.0
-1806.95
-130.0
-160.0
-18.0
-130.0
-185.25
-212.75
-463.4
-850.0
-134.9
-15.54
-6500.0
-5460.0
-9362.5
-5138.75
-5551.0
-74416.01
-3137.07
-190.0
-5385.83
-235.46
-1504.0
-365.9
-136.5
-2982.78
-13.73
-20.32
-500.0
-369.71
-250.0
-217.78
-500.0
-1000.0
-500.0
-786.2
-500.0
-9.97
-250.0
-500.0
-95.95
-146.99
-52.2
-1360.0
-250.0
-325.0
-250.0
-500.0
-12.83
-250.0
-1000.0
-500.0
-16.97
-1578.0
-1000.0
-75439.81
-3032.91
-190.0
-5464.08
-227.47
-132.0
-3733.5
-7259.5
-6230.0
-27760.0
-792.0
-2677.0
-41.0
-1009.6
-2500.0
-225.0
-235.0
-175.0
-160.0
-21250.0
-136.71
-131.7
-574.88
-615.12
-483.95
-2853.55
-2853.55
-56.5
-285.3
-938.73
-572.34
-26.33
-9.75
-73073.56
-3116.25
-190.0
-5284.22
-233.86
-6500.81
-497.29
-2860.6
-215.66
-3017.5
-903.0
-339.15
-2015.0
-253.5
-406.15
-339.25
-75.0
-100.15
-395.5
-3153.6
-72.27
-4.0
-1249.0
-73190.83
-2261.97
-190.0
-5293.11
-168.5
-1798.61
-234.0
-632.6
-27760.0
-792.0
-2677.0
-41.0
-5000.0
-134.0
-299.0
566.67
-637.5
-60000.0
-30000.0
-19.79
-23.98
-5985.5
-289.68
-71.89
-90.59
-1500.0
-451.83
-500.0
-500.0
-500.0
-577.82
-160.0
-6.0
-71329.8
-2980.82
-190.0
-5150.82
-223.51
-1750.0
-160.0
-2136.25
-149.25
-912.0
-500.0
-253.0
-72.75
-220.0
-190.0
-12.0
-660.25
-168.78
-647.48
-150.0
-171.8
-160.0
-575.1
-318.86
-709.85
-101.64
-1303.05
-649.0
-195000.0
-55000.0
-294.5
-46.5
-500.0
-2016.0
-1200.0
-500.0
-91.11
-375.0
-72911.58
-1448.08
-190.0
-5267.24
-110.78
-212.5
-3400.0
-425.0
-165.02
-836.75
-892.35
-31.71
-57.5
-30000.0
-154.0
-212.0
-45.0
-650.0
-47.25
-218.9
-361.45
-420.05
-111.15
-75.0
-223.85
-948.44
-52.33
-27760.0
-792.0
-2677.0
-41.0
-160.0
-500.0
-796.0
-370.76
-500.0
-440.0
-1430.0
-776.0
-880.0
-1900.0
-400.0
-500.0
-500.0
-1847.4
-2853.55
-292.0
-24.34
-10.29
-20.39
157.5
-73876.65
-1625.19
-190.0
-5332.83
-124.33
-684.88
-698.88
-4275.0
-113.72
-2853.55
-937.43
-949.7
-84.5
-158.0
-70.0
-385.0
-265.2
-789.07
-390.0
-3846.1
-1800.0
-100.0
-368.5
1000.0
-1000.0
-1029.93
-1232.0
-488.59
-1000.0
-2085.67
-100.0
-119.18
-12.0
-743.75
-931.0
-55.5
-89.19
-70362.05
-1646.02
-180.0
-5103.41
-125.92
-45.0
-90.0
-1500.0
-3500.0
-335.64
-250.0
-1873.57
-2000.0
-500.0
-1678.0
-1400.0
-100.0
-500.0
-24.0
-166.2
-234.74
-8.76
-64.79
-40.0
-55.25
-451.58
-815.34
-50.0
-1472.28
-150.0
-41.5
-27760.0
-792.0
-2677.0
-41.0
-69004.19
-1468.92
-180.0
-4999.55
-112.36
-155.0
-7663.42
20.0
-1000.0
-591.0
-583.05
-41.0
-165.0
-2500.0
-5000.0
-75000.0
-125.0
-8.26
-12.28
-443.25
-250.0
-595.0
-68177.24
-1604.35
-180.0
-4949.76
-122.74
-6591.04
-504.24
-44.96
-230.5
-391.75
-234.9
-5506.77
-4444.56
-2061.25
-32.08
-750.0
-1400.0
-5074.61
-67.45
-648.0
-1180.0
-950.0
-500.0
-1280.0
-307.2
-209.94
-144.12
-16.0
-27760.0
-792.0
-2677.0
-41.0
-271.73
-10.29
-461.5
-187.25
-560.0
-574.88
-574.88
-2853.55
-2853.55
-177.0
-80.8
-129.72
-140.73
-888.6
-34.0
-462.1
-208.45
-25.0
-1500.0
-9.0
3.0
-67735.05
-1479.34
-5182.71
-113.17
-26.88
45.0
45.0
50.0
-359.0
-11000.0
-698.8
-721.5
-1200.0
-250.0
-2458.5
1200.0
250.0
-75.0
-5000.0
-5000.0
-482.53
-68108.14
-1427.26
-180.0
-4944.55
-109.18
-45.0
-5074.61
-67.45
-1080.0
-1296.0
-250.0
-672.0
-600.0
-1200.0
-1152.0
-2184.0
-5074.61
-1680.0
-67.45
-181.4
-45.0
-25.0
-65.0
-45.0
45.0
5074.61
67.45
-500.0
-105.3
-156.0
-1816.22
-19000.0
-14.0
-125.0
-12.0
-830.2
-146.0
-86.68
-150.0
-1500.0
-27760.0
-793.0
-68311.85
-1427.25
-180.0
-4963.86
-109.19
-2677.0
-42.0
-215.5
-525.0
-46.96
-634.6
-102.01
-1280.0
-265.5
-117.5
-125.0
-1500.0
-213.0
-2400.0
-14235.0
-18062.5
-1285.0
-7650.0
-2550.0
-799.45
-2949.9
-12271.74
-324.2
-1716.0
-74485.86
-68633.08
-1989.82
-190.0
-4982.45
-152.22
-20.19
-10.8
-63.0
-115.0
-100.0
-494.65
-125.0
-1000.0
-268.0
-12.0
-12.0
-12.0
-1000.0
-48.79
-800.0
-1280.0
-298.53
-200.0
-608.0
-2800.0
-750.0
-500.0
-335.04
-608.1
-512.2
-97.84
-137.72
-2377.96
-574.88
-574.88
-2377.96
-2377.96
-877.63
-877.63
-179.8
-14.9
-325.08
325.08
-509.62
-82.08
-47.36
-205.0
-1808.02
-190.0
-855.62
-395.0
-67334.91
-1448.08
-190.0
-4883.24
-110.78
-27760.0
-793.0
-2677.0
-42.0
-40.0
-202.05
-543.5
-57.95
-500.0
-129.01
-1200.0
-160.0
-500.0
-2094.0
-500.0
-250.0
-1008.0
-163.05
-469.6
-45.0
-475.35
-66308.38
-1334.7
-210.0
-4788.56
-102.1
-15317.5
-1171.78
-377.5
-185.5
-1116.0
-217.8
-139.93
-40.0
-528.55
-6320.0
-2304.0
-500.0
-75.96
-500.0
-265.0
-875.0
-138.0
-568.9
-335.0
-640.75
-2531.45
-58.5
-5950.0
-6148.36
-2782.78
-717.22
-72101.9
-3263.08
-1562.69
-210.0
-5481.43
-119.55
-27760.0
-793.0
-2677.0
-42.0
-71198.37
-1511.61
-5199.56
-115.64
-3481.63
-5000.0
-2187.5
-5000.0
-500.0
-560.0
-3884.0
-426.0
-162.52
-2586.48
-525.25
-875.0
-514.75
-50.0
-1136.58
-2139.86
-27.99
-7.89
-20.81
-36.28
-1233.08
-171.2
-791.0
-163.66
-1558.21
-197.85
-60.0
-500.0
-1837.03
-800.0
-960.0
-500.0
-400.0
-150.0
-69278.39
-837.51
-5052.63
-64.07
-7476.0
-15.97
-1920.0
-500.0
-35000.0
-23.63
-1257.0
1257.0
-1000.0
-600.0
-1000.0
-600.0
-2400.0
-95.0
-100.0
-500.0
-500.0
-195.0
-183.7
-189.5
-114.35
-388.5
-765.42
388.5
-9976.36
-20927.5
-11050.0
-18346.12
-688.5
-61770.12
-210.0
-2713.0
-60.0
-26193.0
-498.0
-1698.23
-3591.0
-6221.48
-4999.11
-6484.96
-1533.1
-517.1
-17518.3
-807.1
-1779.77
-5255.5
-1136.58
-626.62
-2377.96
-18090.98
-574.88
-345.0
-258.0
-1366.2
-13.31
-38.64
-85.69
-71621.3
-5224.56
-10000.0
-474.2
-197.4
-326.0
-408.5
-177.6
-3825.13
-367.5
-384.0
-1520.0
-4170.0
-480.0
-2000.0
-500.0
-1000.0
-648.0
-449.29
-825.0
-1680.0
-44.84
-950.0
-500.0
-560.0
-674.6
-25.0
-1257.0
-70649.54
-5150.21
-175.0
-4218.53
-2500.0
-205.0
-877.63
-1839.8
-50.0
-60.0
-40.0
-26193.0
-498.0
-2713.0
-60.0
-5562.0
-2056.0
-500.0
-768.0
-400.0
-1112.0
-560.0
-390.8
-36.9
-134.69
-70357.71
-347.33
-5154.45
-749.78
-768.0
-2334.5
-1846.8
-1226.52
-4413.54
-3061.14
-2377.67
-249.0
-574.88
-574.88
-217.5
-60.0
-155.5
-229.0
-162.8
-1000.0
-920.0
-1848.0
-240.0
-593.83
-1050.0
-1952.0
-500.0
-800.0
-440.0
-237.75
-600.0
-1288.0
-2000.0
-1072.66
-640.0
-1000.0
-960.0
-640.0
-500.0
-1496.0
-174.0
-499.0
-995.26
-161.44
-192.54
-500.0
-500.0
-241.5
-1685.0
-600.0
-19.17
-148.75
-500.0
-71556.38
-5218.26
-5599.15
-428.33
-837.69
-250.0
-300.0
-150.0
-2000.0
-211.5
-104.05
-2272.9
-178.5
-25.0
-18.75
-441.0
-19251.64
-500.0
-249.0
-306.28
-1839.8
-2479.4
-2713.0
-60.0
-26193.0
-498.0
-71925.62
-261.99
-5528.13
-1839.8
-574.88
-131.74
-2377.96
1839.8
-299.0
-421.43
-1000.0
-500.0
-1200.0
-849.0
-500.0
-52.7
-16874.84
-2047.5
-87.5
-315.0
-1120.0
-2747.5
-192.5
-164.72
-70220.56
-5130.62
-623.25
-506.25
-1250.0
-108.82
-827.4
-7.5
-844.5
-126.73
-182.61
-68.8
-64.2
-365.7
-30.66
-500.0
-250.0
-1920.0
-727.0
-9.5
-146.42
-420.0
-400.0
-18.16
-25.0
-1750.0
-170.0
-362.9
-196.0
-359.0
-329.25
-29.95
-406.8
-574.88
-1038.95
-2377.96
-346.5
-243.25
-150.0
-344.1
-121.35
-203.0
-181.0
-121.5
-123.4
-637.5
-875.0
-26193.0
-498.0
-2713.0
-60.0
-74645.4
-5449.35
-519.06
-1827.36
-1841.8
-48.79
-8.93
-347.37
-64.56
-1162.03
-10561.8
-10765.14
-4671.02
-3913.0
-5267.5
-13546.0
-354.75
-731.0
-1110.0
-945.0
-76207.65
-5568.95
-3950.0
-500.0
-500.0
-1600.0
-319.93
-760.0
-1152.0
-500.0
-291.8
-4956.0
-588.4
-50.0
-505.0
-305.0
-35.0
-403.65
-953.6
-483.0
-4197.75
-5340.0
-250.0
-424.37
-760.0
-118.0
-259.0
-125.0
-1443.64
-565.38
-111.99
-1000.0
-500.0
-74821.48
-5443.97
15.44
-5656.1
-2713.0
-60.0
-498.0
-26193.0
498.0
-498.0
4025.57
37.5
-97.0
-1155.45
-1000.0
-500.0
-239.95
-250.0
-500.0
-1895.3
-644.73
-15412.39
-2967.17
-7709.42
-7338.9
-4860.2
-4498.7
-4338.74
-15202.75
-12027.0
-4192.45
-8442.5
-25435.5
-44941.0
-10554.5
-8500.0
-39562.5
-2975.0
-53385.0
-17387.45
-5683.1
-5465.0
-11307.5
-24481.26
-28852.5
-5773.6
-27.89
-34.53
-71.84
-73763.13
-5371.09
-6775.11
-518.28
-6.0
-825.0
-1981.63
-15.0
-125.0
-915.5
-630.5
-5143.2
-2781.0
-2781.0
-1079.71
-380.35
-5.0
-500.0
-426.93
-800.0
-1050.0
-475.07
-30.66
-100.75
-678.25
-14.16
-22.8
-19.76
-75500.4
-5495.52
-302.25
-26193.0
-498.0
-2713.0
-60.0
-500.0
200.0
-323.0
-323.0
-323.0
-160.91
-647.0
-67.59
0.0
-647.0
0.0
0.0
-8409.0
-323.0
-323.0
-323.0
-323.0
-323.0
-323.0
-323.0
-323.0
-323.0
-323.0
-323.0
-323.0
-323.0
-8733.0
-323.0
-323.0
-323.0
-323.0
-323.0
-323.0
-647.0
-323.0
-323.0
-323.0
-323.0
-4366.0
-323.0
-323.0
-323.0
-323.0
-323.0
-4690.0
-323.0
-323.0
-323.0
-323.0
-647.0
-323.0
-323.0
-323.0
-9056.0
-647.0
-323.0
-323.0
-323.0
-323.0
-323.0
-323.0
-323.0
-323.0
-323.0
-323.0
-647.0
-647.0
-323.0
-323.0
-4366.0
-323.0
-647.0
-323.0
-323.0
-323.0
-323.0
-4366.0
-4690.0
-323.0
-323.0
-323.0
-323.0
-323.0
-323.0
-323.0
-323.0
-323.0
-323.0
-8733.0
-323.0
-323.0
-323.0
-4690.0
-8733.0
-4366.0
-323.0
-647.0
-323.0
-323.0
-323.0
-323.0
-323.0
-323.0
-323.0
-323.0
-323.0
-323.0
-323.0
-323.0
-323.0
-323.0
-323.0
-647.0
-323.0
-323.0
-323.0
-4366.0
-323.0
-323.0
-323.0
-323.0
-323.0
-323.0
-323.0
-323.0
-4690.0
-323.0
-4366.0
-323.0
-323.0
-647.0
-323.0
-4366.0
-4366.0
-323.0
-4366.0
-647.0
-323.0
-323.0
-323.0
-323.0
-323.0
-647.0
-323.0
-323.0
-323.0
-323.0
-323.0
-323.0
-323.0
-323.0
-323.0
-323.0
-323.0
-323.0
-323.0
-323.0
-323.0
-647.0
-323.0
-323.0
-323.0
-323.0
-323.0
-323.0
-647.0
-323.0
-323.0
-323.0
-323.0
-323.0
-323.0
-323.0
-323.0
-323.0
-323.0
-323.0
-323.0
-323.0
-323.0
-323.0
-323.0
-323.0
-323.0
-323.0
-323.0
-323.0
-323.0
-647.0
-323.0
-323.0
-323.0
-323.0
-323.0
-323.0
-323.0
-647.0
-647.0
-323.0
-323.0
-4366.0
-4690.0
-323.0
-323.0
-323.0
-323.0
-323.0
-323.0
-323.0
-323.0
-323.0
-323.0
-647.0
-323.0
-323.0
-323.0
-323.0
-647.0
-323.0
-323.0
-323.0
-323.0
-647.0
-323.0
-323.0
-323.0
-323.0
-323.0
-323.0
-323.0
-323.0
-8409.0
-647.0
-323.0
-323.0
-323.0
-323.0
-323.0
-323.0
-323.0
-323.0
-323.0
-8409.0
-647.0
-323.0
-647.0
-323.0
-323.0
-323.0
-323.0
-323.0
-323.0
-323.0
-647.0
-323.0
-323.0
-323.0
-323.0
-323.0
-4366.0
-323.0
-323.0
-323.0
-647.0
-8409.0
-323.0
-323.0
-4366.0
-323.0
-323.0
-323.0
-323.0
-8409.0
-323.0
-323.0
-323.0
-323.0
-323.0
-323.0
-323.0
-323.0
-323.0
-323.0
-323.0
-323.0
-323.0
-323.0
-647.0
-323.0
-323.0
-323.0
-323.0
-323.0
-323.0
-323.0
-323.0
-647.0
-323.0
-275035.23
-186855.51
-2907.5
-1386.0
500.0
-125000.0
-15850.0
-99.0
-148.0
-249.0
-50.0
-45.0
-261.3
-314.65
-245.15
-314.0
-29.5
-249.0
-399.0
-35.0
249.0
-75219.95
-5474.19
-800.0
-440.0
-400.0
-840.0
-500.0
-900.0
-152.6
-150.0
-180.0
-180.0
-215.0
-150.0
-150.0
-150.0
-120.0
-107.78
-537.27
-697.6
-837.69
-1981.63
-245.0
-120.0
-526.25
100.0
-1618.57
-150.0
-150.0
-282.0
-186.0
-68552.94
-4964.08
-100.0
-350.0
-1272.0
-485.0
-350.51
-370.0
-71.45
-125.02
-3065.0
-26193.0
-498.0
-2713.0
-60.0
220.0
-93.76
-483.95
-511.0
-352.5
-68220.64
-4935.01
-45.0
-7530.4
-1200.0
-264.0
-1900.0
-2500.0
-500.0
-107.78
-537.27
-837.69
-1981.63
44.0
-762.4
-62.41
-547.05
-2500.0
-727.03
-500.0
-100.0
-3600.0
-350.0
-382.71
-97.0
-3815.0
-406.07
-22.8
-283.5
-2277.1
-1516.75
-13500.0
-70023.48
-5072.87
-350.0
-1476.0
-291.0
-3237.1
-35.0
-5323.5
-250.0
300.0
-10.34
-45.75
-22.5
-12.0
-264.42
-4760.0
-1120.0
-250.0
-441.0
-1974.0
-875.0
-28.88
-500.0
-4000.0
-500.0
-1000.0
-5750.0
-1008.0
-21.38
-77.57
-2713.0
-60.0
-26193.0
-498.0
-70428.57
-5393.51
-537.27
-307.3
-755.9
-306.2
-80.08
-1981.63
-500.0
-690.0
-250.0
-500.0
-2176.0
-837.16
-2234.95
-468.88
-603.23
-171.38
-70057.56
-5075.49
-6772.29
-518.04
193.6
2865.69
-1000.0
-500.0
-105.0
-2685.69
-677.0
-5069.47
-1677.3
-99.99
-269.0
-19.0
212.5
7.47
13.35
-500.0
-1372.39
-137.23
-250.0
-1539.4
-82.0
-50.0
-79.0
-2724.0
-3420.0
-7000.0
-188.75
2724.0
-1104.0
-339.0
-500.0
-500.0
-1312.0
-266.43
-287.17
-153.25
-423.06
-44.9
-29.97
-500.0
-500.0
-240.0
-2500.0
-70021.45
-5082.42
-7.47
-26193.0
-498.0
-2713.0
-60.0
-1650.0
-32.82
-422.4
-149.6
-325.0
-11.0
-473.72
-520.0
-134.75
-38.0
38.0
-3516.0
-2960.0
-3416.27
-2800.0
-2865.69
-2724.0
-338.0
-100.0
-25.0
-58.8
-2490.0
-250.0
-269.0
-537.27
-1981.63
-808.67
2490.0
-7056.0
-70015.1
-5108.37
-13.35
25.0
-711.51
-250.0
-500.0
-126.26
-250.0
-500.0
-266.26
-1000.0
-336.0
-500.0
-870.45
-500.0
-500.0
-250.0
-640.0
-500.0
-250.0
-2280.0
-500.0
-250.0
-409.5
-500.0
-1000.0
-500.0
-25.0
-465.5
-71005.14
-5151.25
-7.47
-57.07
-1665.41
-3306.1
-1309.39
-336.35
-1756.95
-840.0
-336.0
-1360.0
-1000.0
-275.45
-6000.0
-10000.0
-2058.65
-148.39
-507.4
-17.69
-76.99
-216.03
-513.0
-26193.0
-498.0
-2713.0
-60.0
275.0
-77.17
-316.25
-409.75
-196.59
-900.0
-162.0
-44.0
3.03
-500.0
-2200.0
-500.0
-249.0
-125.0
-371.04
-537.27
-76.5
-71712.47
-5198.01
-500.0
-500.0
-50.0
-500.0
-19.99
-52.0
-78.99
-78.99
-186.0
-350.0
-335.55
-955.8
-284.99
781.0
-677.0
-6808.36
6808.36
-550.0
-1045.0
-233.0
-477.0
-4.5
-2500.0
-379.5
-1981.63
-808.67
-125.0
-369.0
-319.0
-45.0
-45.0
-16.0
-1435.4
-115.0
-186.0
-467.45
-201.26
-1664.94
-1815.0
-64671.04
-6808.36
-5183.17
-3.03
-156.99
-45.99
-150.0
-216.4
-486.0
-495.0
-250.0
-269.2
-293.98
-250.0
-2126.94
-25.0
-500.0
-500.0
-112.54
-500.0
-400.0
-11124.0
25.0
300.0
-101.9
-1981.63
-304.1
-112.31
-537.27
-344.5
-11348.15
-953.0
-26193.0
-498.0
-2713.0
-60.0
677.0
677.0
-500.0
-506.35
-616.5
-895.17
-65.0
-118.71
11366.15
17151.85
-17151.85
10179.03
9649.4
3420.46
10458.59
500.0
-781.0
-677.0
-70.0
-58677.49
-266.61
-15.97
-356.9
-732.0
-500.0
-625.0
-355.22
-341.99
-260.0
-453.75
-58.6
-115.0
-372.0
-58.75
-186.0
-79431.17
-11366.15
-19.5
-76.01
-176.54
-14.48
-70625.94
-10179.03
-3420.46
-5115.66
-16975.31
-1391.99
677.0
-17591.0
-677.0
-677.0
-677.0
-677.0
-677.0
-677.0
-677.0
-677.0
-677.0
-677.0
-677.0
-677.0
-677.0
-18267.0
-677.0
-677.0
-677.0
-677.0
-677.0
-677.0
-677.0
-677.0
-1353.0
-677.0
-811.99
-677.0
-677.0
-677.0
-9134.0
-677.0
-677.0
-677.0
-677.0
-677.0
-9810.0
-677.0
-677.0
-677.0
-508.93
-677.0
-677.0
-1353.0
-677.0
-677.0
-677.0
-38944.0
-1353.0
-677.0
-677.0
-677.0
-677.0
-677.0
-677.0
-677.0
-677.0
-677.0
-677.0
-677.0
-677.0
-1353.0
-1353.0
-677.0
-677.0
-9134.0
-677.0
-1353.0
-677.0
-677.0
-677.0
-677.0
-9134.0
-677.0
-9810.0
-677.0
-677.0
-677.0
-677.0
-677.0
-677.0
-677.0
-677.0
-677.0
-677.0
-18267.0
-677.0
-677.0
-677.0
-9810.0
-38267.0
-29134.0
-677.0
-1353.0
-677.0
-677.0
-677.0
-677.0
-677.0
-677.0
-677.0
-677.0
-677.0
-677.0
-677.0
-677.0
-677.0
-677.0
-677.0
-677.0
-1353.0
-677.0
-677.0
-677.0
-1353.0
-677.0
-9134.0
-677.0
-677.0
-677.0
-677.0
-677.0
-677.0
-677.0
-677.0
-9810.0
-677.0
-9134.0
-677.0
-677.0
-677.0
-1353.0
-677.0
-9134.0
-9134.0
-677.0
-9134.0
-1353.0
-677.0
-677.0
-677.0
-677.0
-677.0
-1353.0
-677.0
-677.0
-9134.0
-677.0
-677.0
-677.0
-355.0
-677.0
-677.0
-677.0
-677.0
-677.0
-677.0
-677.0
-677.0
-677.0
-677.0
-677.0
-677.0
-1353.0
-677.0
-677.0
-677.0
-677.0
-677.0
-677.0
-677.0
-1353.0
-677.0
-677.0
-677.0
-9134.0
-677.0
-677.0
-677.0
-677.0
-677.0
-677.0
-677.0
-51.37
-677.0
-677.0
-677.0
-677.0
-677.0
-677.0
-677.0
-677.0
-677.0
-677.0
-677.0
-677.0
-677.0
-677.0
-1353.0
-677.0
-677.0
-677.0
-677.0
-677.0
-677.0
-882.6
-677.0
-677.0
-1353.0
-1353.0
-677.0
-677.0
-29134.0
-9810.0
-677.0
-677.0
-677.0
-677.0
-677.0
-677.0
-677.0
-677.0
-677.0
-677.0
-677.0
-1353.0
-677.0
-677.0
-677.0
-677.0
-677.0
-1353.0
-677.0
-677.0
-1353.0
-677.0
-677.0
-1353.0
-677.0
-677.0
-677.0
-677.0
-677.0
-677.0
-677.0
-677.0
-37591.0
-1353.0
-677.0
-677.0
-677.0
-677.0
-677.0
-677.0
-677.0
-677.0
-677.0
-658.52
-677.0
-677.0
-17591.0
-1353.0
-677.0
-1353.0
-677.0
-677.0
-677.0
-677.0
-677.0
-677.0
-677.0
-1353.0
-677.0
-677.0
-677.0
-677.0
-677.0
-9134.0
-677.0
-677.0
-677.0
-677.0
-1353.0
-17591.0
-677.0
-647.0
-677.0
-1353.0
-9134.0
-677.0
-677.0
-677.0
-677.0
-677.0
-17591.0
-677.0
-677.0
-677.0
-677.0
-677.0
-677.0
-677.0
-677.0
-677.0
-677.0
-677.0
-677.0
-677.0
-677.0
-677.0
-677.0
-1353.0
-677.0
-677.0
-677.0
-677.0
-677.0
-677.0
-677.0
-677.0
-677.0
-1353.0
-677.0
-948.0
-17591.0
-677.0
-677.0
-677.0
-677.0
-677.0
-677.0
-677.0
-677.0
-677.0
-677.0
-677.0
-677.0
-677.0
-18267.0
-677.0
-677.0
-677.0
-677.0
-677.0
-677.0
-677.0
-677.0
-1353.0
-677.0
-811.99
-677.0
-677.0
-677.0
-9134.0
-677.0
-677.0
-677.0
-677.0
-677.0
-9810.0
-677.0
-677.0
-677.0
-508.93
-677.0
-677.0
-1353.0
-677.0
-677.0
-677.0
-38944.0
-1353.0
-677.0
-677.0
-677.0
-677.0
-677.0
-677.0
-677.0
-677.0
-677.0
-677.0
-677.0
-677.0
-1353.0
-1353.0
-677.0
-677.0
-9134.0
-677.0
-1353.0
-677.0
-677.0
-677.0
-677.0
-9134.0
-677.0
-9810.0
-677.0
-677.0
-677.0
-677.0
-677.0
-677.0
-677.0
-677.0
-677.0
-677.0
-18267.0
-677.0
-677.0
-677.0
-9810.0
-38267.0
-29134.0
-677.0
-1353.0
-677.0
-677.0
-677.0
-677.0
-677.0
-677.0
-677.0
-677.0
-677.0
-677.0
-677.0
-677.0
-677.0
-677.0
-677.0
-677.0
-1353.0
-677.0
-677.0
-677.0
-1353.0
-677.0
-9134.0
-677.0
-677.0
-677.0
-677.0
-677.0
-677.0
-677.0
-677.0
-9810.0
-677.0
-9134.0
-677.0
-677.0
-677.0
-1353.0
-677.0
-9134.0
-9134.0
-677.0
-9134.0
-1353.0
-677.0
-677.0
-677.0
-677.0
-677.0
-1353.0
-677.0
-677.0
-9134.0
-677.0
-677.0
-677.0
-355.0
-677.0
-677.0
-677.0
-677.0
-677.0
-677.0
-677.0
-677.0
-677.0
-677.0
-677.0
-677.0
-1353.0
-677.0
-677.0
-677.0
-677.0
-677.0
-677.0
-677.0
-1353.0
-677.0
-677.0
-677.0
-9134.0
-677.0
-677.0
-677.0
-677.0
-677.0
-677.0
-677.0
-51.37
-677.0
-677.0
-677.0
-677.0
-677.0
-677.0
-677.0
-677.0
-677.0
-677.0
-677.0
-677.0
-677.0
-677.0
-1353.0
-677.0
-677.0
-677.0
-677.0
-677.0
-677.0
-882.6
-677.0
-677.0
-1353.0
-1353.0
-677.0
-677.0
-29134.0
-9810.0
-677.0
-677.0
-677.0
-677.0
-677.0
-677.0
-677.0
-677.0
-677.0
-677.0
-677.0
-1353.0
-677.0
-677.0
-677.0
-677.0
-677.0
-1353.0
-677.0
-677.0
-1353.0
-677.0
-677.0
-1353.0
-677.0
-677.0
-677.0
-677.0
-677.0
-677.0
-677.0
-677.0
-37591.0
-1353.0
-677.0
-677.0
-677.0
-677.0
-677.0
-677.0
-677.0
-677.0
-677.0
-658.52
-677.0
-677.0
-17591.0
-1353.0
-677.0
-1353.0
-677.0
-677.0
-677.0
-677.0
-677.0
-677.0
-677.0
-1353.0
-677.0
-677.0
-677.0
-677.0
-677.0
-9134.0
-677.0
-677.0
-677.0
-677.0
-1353.0
-17591.0
-677.0
-647.0
-677.0
-1353.0
-9134.0
-677.0
-677.0
-677.0
-677.0
-677.0
-17591.0
-677.0
-677.0
-677.0
-677.0
-677.0
-677.0
-677.0
-677.0
-677.0
-677.0
-677.0
-677.0
-677.0
-677.0
-677.0
-677.0
-1353.0
-677.0
-677.0
-677.0
-677.0
-677.0
-677.0
-677.0
-677.0
-677.0
-1353.0
-677.0
17591.0
677.0
677.0
677.0
677.0
677.0
677.0
677.0
677.0
677.0
677.0
677.0
677.0
677.0
18267.0
677.0
677.0
677.0
677.0
677.0
677.0
677.0
677.0
1353.0
677.0
811.99
677.0
677.0
677.0
9134.0
677.0
677.0
677.0
677.0
677.0
9810.0
677.0
677.0
677.0
508.93
677.0
677.0
1353.0
677.0
677.0
677.0
38944.0
1353.0
677.0
677.0
677.0
677.0
677.0
677.0
677.0
677.0
677.0
677.0
677.0
677.0
1353.0
1353.0
677.0
677.0
9134.0
677.0
1353.0
677.0
677.0
677.0
677.0
9134.0
677.0
9810.0
677.0
677.0
677.0
677.0
677.0
677.0
677.0
677.0
677.0
677.0
18267.0
677.0
677.0
677.0
9810.0
38267.0
29134.0
677.0
1353.0
677.0
677.0
677.0
677.0
677.0
677.0
677.0
677.0
677.0
677.0
677.0
677.0
677.0
677.0
677.0
677.0
1353.0
677.0
677.0
677.0
1353.0
677.0
9134.0
677.0
677.0
677.0
677.0
677.0
677.0
677.0
677.0
9810.0
677.0
9134.0
677.0
677.0
677.0
1353.0
677.0
9134.0
9134.0
677.0
9134.0
1353.0
677.0
677.0
677.0
677.0
677.0
1353.0
677.0
677.0
9134.0
677.0
677.0
677.0
355.0
677.0
677.0
677.0
677.0
677.0
677.0
677.0
677.0
677.0
677.0
677.0
677.0
1353.0
677.0
677.0
677.0
677.0
677.0
677.0
677.0
1353.0
677.0
677.0
677.0
9134.0
677.0
677.0
677.0
677.0
677.0
677.0
677.0
51.37
677.0
677.0
677.0
677.0
677.0
677.0
677.0
677.0
677.0
677.0
677.0
677.0
677.0
677.0
1353.0
677.0
677.0
677.0
677.0
677.0
677.0
882.6
677.0
677.0
1353.0
1353.0
677.0
677.0
29134.0
9810.0
677.0
677.0
677.0
677.0
677.0
677.0
677.0
677.0
677.0
677.0
677.0
1353.0
677.0
677.0
677.0
677.0
677.0
1353.0
677.0
677.0
1353.0
677.0
677.0
1353.0
677.0
677.0
677.0
677.0
677.0
677.0
677.0
677.0
37591.0
1353.0
677.0
677.0
677.0
677.0
677.0
677.0
677.0
677.0
677.0
658.52
677.0
677.0
17591.0
1353.0
677.0
1353.0
677.0
677.0
677.0
677.0
677.0
677.0
677.0
1353.0
677.0
677.0
677.0
677.0
677.0
9134.0
677.0
677.0
677.0
677.0
1353.0
17591.0
677.0
647.0
677.0
1353.0
9134.0
677.0
677.0
677.0
677.0
677.0
17591.0
677.0
677.0
677.0
677.0
677.0
677.0
677.0
677.0
677.0
677.0
677.0
677.0
677.0
677.0
677.0
677.0
1353.0
677.0
677.0
677.0
677.0
677.0
677.0
677.0
677.0
677.0
1353.0
677.0
-817.0
-5425.3
-6201.5
-3094.2
-3139.0
-938.53
-3528.73
-1465.5
-229.0
-2126.98
-2284.0
-1280.0
-624.0
-2126.94
-600.0
-1250.0
-427.39
-22.45
-250.0
-500.0
-123.44
-250.0
-250.0
-545.0
-1000.0
-500.0
-513.6
-13463.04
-875.0
-105.0
-274.25
-371.85
-387.8
-108.0
-241.05
-279.0
-49.0
-537.27
-1275.0
-1500.0
-400.0
-86.7
-150.0
-67461.33
-9649.4
-10458.59
-4885.56
-26193.0
-498.0
-2713.0
-60.0
-433685.14
433685.14
200.0
-67461.33
-9649.4
-10458.59
-4885.56
67461.33
9649.4
10458.59
4885.56
-70032.01
2500.0
-4578.69
-1000.0
-250.0
-250.0
-392.0
-343.31
-500.0
-480.0
-1280.0
-69605.2
-4582.5
-10741.47
-80.0
-140.0
-341.6
-800.0
-500.0
-500.0
-500.0
-482.88
-250.0
-90.0
-152.99
-199.03
-320.71
-250.0
-141.53
-1000.0
-402.73
-2320.0
-499.0
-1344.0
-1600.0
-2080.0
-216.64
-1120.0
-1920.0
-896.0
-784.0
-575.0
-672.0
-1536.0
-872.0
-1040.0
-2072.0
-992.0
-600.0
-100.0
-375.73
-444.04
-500.0
-500.0
-575.0
-400.0
-500.0
-500.0
-500.0
-500.0
-500.0
-2100.0
-500.0
-500.0
-279.86
-212.77
-450.0
-80.09
-12.83
-32.07
-43.2
-1000.0
-1465.54
-385.94
-230.0
-388.32
-808.67
-808.67
-1981.63
-1981.63
-1981.63
-537.27
-537.27
-537.27
-861.8
-344.5
-327.25
-1015.75
-111.58
-94.65
-1981.63
-230.0
-511.69
-290.35
-264.75
-562.5
-50.0
-742.54
-619.2
-778.35
-1211.22
-1168.02
-37515.5
-3000.0
-3000.0
-3000.0
312.5
-249.0
-5.5
-249.0
-50.0
-70999.25
525.0
-2500.0
-70996.12
-537.27
-537.27
-85.0
-40.0
-235.0
-70763.8
24546.08
-24546.08
-83.7
-150.0
-120.0
-180.0
-66.0
-126.5
-507.5
-349.25
-50.0
-172.5
-83.0
-120.0
-290.1
-808.67
-1981.63
-862.98
-221.0
-144.0
-141.0
-262.05
-301.8
-1218.34
241.75
-24546.08
-455.0
-765.0
-1643.15
-1923.91
-39.0
-249.0
-115.6
-100000.0
-100000.0
-100000.0
-75000.0
-8890.8
-8016.0
-1165.3
-6591.91
-596.72
-3819.81
-1763.0
-3325.0
-1344.5
-74.0
-4.0
-67.2
-92.7
-68.1
-20.0
-20.0
-98.88
-1008.05
-205.8
-153.7
-430.92
-128.0
-70442.39
-100.0
-2936.0
-3492.0
-5400.0
-3816.0
-1925.0
-60.0
-550.0
60.0
550.0
966.66
-68757.0
-60.0
-550.0
-966.66
135.0
22298.0
-22298.0
785.0
-49.0
-140.0
-22298.0
-68595.49
-1000.0
-274.34
-1008.0
-1390.0
-110.67
-105.2
-725.0
-1680.0
-279.0
-179.0
-649.73
-159.33
-47.76
-14.5
-3106.25
-4440.31
-4601.32
-10649.86
-13842.2
-121.5
-15663.7
-32828.07
-64251.35
-45571.89
-3125.4
-4585.48
-17996.91
-7730.1
-249.0
-73838.48
237.5
500.0
500.0
-500.0
-500.0
-500.0
-500.0
-426.93
-103.4
-229.79
-250.0
-500.0
-200.0
-500.0
-262.05
-146.2
-864.0
-1220.0
-1320.0
-1296.0
-1240.0
-500.0
-500.0
-101.81
-500.0
-9.6
-93.03
-269.0
-249.0
300.0
609.64
-249.0
-73605.97
-135.0
-38.0
-162.5
-3207.0
-4646.55
-4320.0
-500.0
-500.0
-500.0
-500.0
-500.0
-624.0
-1152.0
-500.0
-1952.63
-250.0
-250.0
-250.0
-8793.35
-2443.44
-2443.72
-730.81
-316.8
-36.06
-72904.72
-1840.0
-759.28
780.97
-2143.75
-2228.0
-2064.0
-825.0
-250.0
-500.0
-500.0
-250.0
-500.0
-900.0
-55.0
-500.0
-500.0
-472.55
-250.0
-40000.0
-10000.0
200.0
-2478.0
-36.9
-183.19
-15.82
-74032.78
-723.56
-800.0
-960.0
-800.0
-1200.0
-90.0
-1000.0
-500.0
-250.0
-2450.0
-240.0
-134.0
-500.0
-500.0
-500.0
-500.0
-219.35
-100.0
-466.31
-1395.69
-250.0
-1500.0
-728.29
-500.0
-239.75
-780.97
-547.47
-107.98
-500.0
-250.0
-103.56
-500.0
-1000.0
-2426.06
-250.0
-1500.0
-25.0
-1911.0
20.0
-75065.93
-172.33
-140.0
-135.85
-659.39
-71.76
-10.8
-638.55
-500.0
-500.0
-1000.0
-500.0
-500.0
-832.0
-500.0
-800.0
-250.0
-500.0
-500.0
-250.0
-500.0
-500.0
-500.0
-4068.75
112.5
339.3
-2096.35
-2193.6
200.0
-74772.23
63.0
-75000.0
-115.0
-9.0
-1000.0
-500.0
-500.0
-500.0
-250.0
-283.96
-80.18
-331.69
-250.0
-456.62
-225.98
-40000.0
-271.45
-747.53
-595.01
-71.76
-10.5
-20.38
-10.29
-564.56
-150.5
-157.07
-7027.55
-500.0
-2500.0
-19.97
-500.0
-500.0
-500.0
-110.0
-402.0
-500.0
-80.23
-34.22
-41.27
-500.0
-1512.55
-275.87
-95.0
-72496.62
-12500.0
-7500.0
-3762.5
-500.0
-1000.0
-247.96
-500.0
-1000.0
-179.22
-250.0
-229.95
-500.0
-500.0
-773.81
-210.0
-200.0
-180.0
-150.0
-120.0
-11.97
-400.0
-912.0
-454.6
-145.5
-80.75
-459.9
-10952.5
-3426.5
-1681.37
-562.0
-252.0
-763.64
-637.5
-3400.0
-11.34
-6.82
-9.74
-15.0
-2000.0
-102.0
-50.0
-245.0
-150.0
-181.3
200.0
-199.0
-103.08
-24.0
-58.2
-94.6
-39.0
-511.69
-487.32
-511.69
-511.69
-1681.37
-792.79
-406.64
-483.95
-11471.27
-2831.0
-60380.5
-39206.0
-72660.5
-47983.95
-24843.0
-15617.5
-17475.0
-23327.5
-28647.5
-69130.86
-416.55
-76.86
-1126.0
-404.0
-317.0
-175.0
20000.0
-273.15
-21.69
277.0
-3500.0
-25.0
-276.25
-193.35
-11681.1
-10881.9
-67151.81
-20000.0
-318.74
-500.0
-500.0
-1437.21
-152.0
-1296.25
-1403.35
-500.0
-250.0
-250.0
-324.0
-1978.38
-285.69
-860.0
-560.0
-500.0
-250.0
-500.0
-900.0
-500.0
-163.0
-1491.8
-53.58
-30.0
-125.0
-206.6
825.0
-422.5
-339.3
-5381.25
-1093.75
-8617.87
-3412.5
-67648.15
-1450.0
-82.92
-48.69
-308.0
-16.97
200.0
-2500.0
-250.0
-600.0
-1000.0
-500.0
-500.0
-575.66
-500.0
-61.97
-250.0
-360.0
-1450.0
-720.0
-504.0
-928.32
-836.0
-690.0
-216.0
-320.0
-508.0
-500.0
-163.23
-986.0
-159.0
-500.0
-1414.1
-477.86
-600.0
-154.67
-2273.6
-90.0
-55.0
-186.0
-238.25
101.25
-486.68
-180.38
-10.0
-125.0
-750.0
-875.0
-4.0
-1914.0
-66.68
-28.09
-429.0
-412.5
-106.0
-65455.31
-400.0
-89.81
-540.0
-600.0
-744.0
-320.0
-960.0
-928.0
-180.0
-520.0
-340.0
-500.0
-500.0
-1681.37
-381.11
-250.0
-329.62
-500.0
-157.22
-96.02
-500.0
-2000.0
-2256.97
-371.41
-1184.49
-250.0
-500.0
-500.0
-129.01
-2500.0
-545.0
-250.0
-1973.08
-2111.38
-7.98
-1625.0
-408.2
-337.13
-4024.28
-1770.5
-87.7
-72.0
-379.64
-73.4
-819.0
-1681.37
-1681.37
-1681.37
-1016.53
-511.69
-1935.24
-1681.37
-543.56
-1681.37
-735.14
-511.69
-155.9
-195.3
-476.0
-787.75
-200.0
-778.26
-722.9
-875.9
-336.0
-1770.5
-1184.0
-783.3
-88.11
-43.38
-240.51
-102.75
-90.0
1770.5
-2824.0
-500.0
-441.91
-854.0
-540.0
-312.41
-2170.46
-600.0
-21.37
-660.0
-784.0
-500.0
-96.94
-1080.0
-2700.0
-90.0
-1886.5
-2.0
-874.5
10000.0
-3.0
-415.44
-25.0
-770.25
-230.02
-319.0
-100.0
-70203.73
26.25
-240.15
-10.29
-15.73
-34.36
-378.0
300.0
-10000.0
-760.0
-432.0
-144.0
-223.63
-256.0
-400.0
-500.0
-1040.0
-683.02
-428.0
-500.0
-50.0
-433.25
-67662.1
-100.0
-500.0
-500.0
-528.0
-400.0
-1024.0
-604.0
-105.0
-125.0
-125.0
-12.0
-3244.0
-4950.0
-7204.0
-70839.45
-3608.91
-55000.0
-25000.0
-25000.0
-8166.0
-557.88
-57.36
-270.0
-261.25
-20.0
-250.0
-312.0
-1000.0
-500.0
-21.38
-21.38
-17.07
-64.2
-66.5
-779.01
-768.77
-511.69
-511.69
-331.76
225.0
-250.0
-85.6
-15000.0
-7000.0
-12000.0
-11250.0
-1690.0
-7327.5
-6077.5
-5655.0
-21.69
-8347.5
-69934.46
-6411.44
-10.29
-154.56
-1650.0
-873.82
-6535.0
-299.0
-140.0
50.0
-315.5
-100.0
-249.0
-249.0
-815.85
-68355.41
-150.28
-49.61
-20000.0
-4222.43
-3277.57
-5051.79
-754.0
250.0
-752.55
-2437.5
-562.3
-252.0
-1000.0
-168.95
-105.45
-151.4
-415.25
-61.35
-48.89
-242.0
200.0
35.34
-68043.26
-33910.83
-8243.48
-860.0
-249.0
-505.2
-1848.06
-236.0
-1500.0
-820.68
-251.26
-85.46
-1584.0
-66.0
-52500.0
-627.0
-1247.0
-205.0
-133.2
-2138.9
-1575.75
-22.17
-114.6
-560.0
-500.0
-81.5
-500.0
-187.17
-75.44
-1158.5
-512.0
-250.0
-1292.0
-60.68
-2500.0
-2250.0
-189.0
-223.74
-355.3
-567.45
-409.75
-65651.59
-206416.07
206416.07
-25000.0
-17724.13
-275.87
-59166.67
-24166.67
-24166.66
42.57
-67053.83
200.0
-5000.0
-22248.0
-15000.0
-11500.0
-7500.0
-73220.15
-180.07
-860.0
-100.0
-250.0
-489.31
-21.37
100.0
-10.29
-900.0
-1000.0
19000.0
-500.0
-1000.0
-206.98
-500.0
-104.49
-500.0
-61.2
-500.0
-5.0
-1200.0
-284.97
-474.01
-500.0
-1104.19
-2500.0
-27.99
-100.0
-500.0
-197.95
-1083.91
-1000.0
-3745.5
-115.5
-19000.0
-1881.25
150.0
-140.0
-55.0
-844.64
-951.36
-625.6
-74.32
-368.4
-59.6
-511.69
-511.69
-511.69
-78.08
-250.0
-250.0
-189.85
18.75
-761.2
-72.48
-25000.0
-67343.41
318.23
-227.26
-2500.0
-13.79
-41.5
-309.14
-569.08
-100.0
-500.0
-346.63
-1000.0
-22477.6
-500.0
-100.0
-500.0
-500.0
-53.57
-2006.03
-31.0
-219.0
-299.0
-376.2
-90.0
178.34
15.0
299.0
-66443.0
-455.88
-5000.0
-319.5
-162.38
-237.48
-500.0
-432.43
-126.77
-480.0
-200.0
-1056.0
-300.0
-380.0
-500.0
-1504.75
1300.0
-299.0
-11243.75
-50000.0
17.92
-65670.0
-83225.0
-48172.5
-52932.5
-491.45
-10.39
-215.08
-12000.0
-110000.0
-35000.0
-475.0
-64.0
-249.0
-179.0
218.75
-64668.28
-40606.3
-50000.0
10.0
-129.3
-80.3
-82.6
-740.0
-775.24
-1816.37
-2600.0
-5439.68
-104.4
-15.0
-54.4
-139.2
-299.0
-1212.78
-1850.1
-499.0
-258.67
-550.0
-3582.0
-500.0
-73.4
-89.32
-449.2
-403.01
-25.67
-3917.0
-65637.92
-11142.53
-99957.0
-514.0
-43.0
-200.0
-486.35
-244.66
-150.0
-2.5
-66311.74
-300.0
-1.0
-1958.0
-1628.29
-272.91
-500.0
-511.69
-200.0
-500.0
-500.0
-177.46
-487.98
-483.95
-56.86
-25.0
-788.28
-1269.2
-1889.4
-815.88
-156.48
-156.48
-250.0
-500.0
-2392.4
200.0
-633.46
-204.63
-800.0
-15.0
-180.0
-226.0
-197.25
-235.25
-495.0
-500.0
-145000.0
-462.0
-13.0
-559.0
-279.94
-270.0
-683.0
-4365.1
-3935.4
-6545.61
-12545.44
-5407.6
-19635.09
-2926.64
-18890.59
-540.6
-13492.4
-573.0
-227.94
-67250.31
68.75
-84415.63
-1459.24
-310.75
-384.75
-6.58
-229.0
-348.53
-40.0
-150.0
-483.11
-500.0
-850.0
-600.0
-426.0
-133.2
-180.0
-500.0
-105.55
-205.25
-322.02
-250.0
-250.0
-397.27
-72.48
-98.2
-354.5
-336.23
-448.51
863.3
-72482.35
348.53
-183.1
-210.0
-178.34
218.75
-3585.26
-500.0
-150.0
-7804.26
-500.0
-32.05
-2088.11
-348.53
-422.76
-178.34
-917.8
-250.0
-500.0
-500.0
-240.49
-103.69
-376.71
-500.0
-314.53
-598.67
-500.0
-500.0
-500.0
-1799.1
-586.79
-5250.0
3585.26
-227.94
-72996.72
-200.4
-19.98
-10.29
-366.88
-158.57
-2343.0
-3491.87
-110000.0
-3585.26
-150.0
13.0
559.0
279.94
-400.0
-500.0
-36492.22
-115000.0
-500.0
-72802.56
-3636.36
-544.0
-440.0
-143.0
-500.0
-94.94
-273.78
-250.0
-100.0
-500.0
-208.0
-500.0
-251.42
-500.0
-130.0
-500.0
-500.0
-349.89
-500.0
-32.07
-1000.0
-1537.59
-250.0
-500.0
-255.93
-462.39
-500.0
-374.24
-500.0
-292.7
-100.0
-2100.0
-500.0
-82.11
-500.0
-328.07
-339.0
318.75
-71187.36
-6671.0
-5452.36
-1506.0
-120.0
-245.0
219.0
500.0
500.0
240.0
1000.0
665.0
18.19
319.88
500.0
500.0
1666.86
1900.0
500.0
242.69
500.0
1350.0
148.52
500.0
-19.98
-8.28
-381.66
-500.0
-299.04
-500.0
-250.0
-815.0
-250.0
-65.0
-150.0
-120.0
-2085.0
-75621.99
-482.8
-19.78
-7.96
-72.48
-227.94
-73459.38
-13.0
-559.0
-279.94
-2250.0
268.75
-269.0
-1172.9
-10.29
-136.86
-5400.0
-19687.29
-312.71
-985.43
-5658.32
1575.0
-50.0
-278.5
-68467.23
18830.49
-475.12
-161.68
-10.29
-10.29
-2403.27
-250.0
-271.03
-500.0
-216.0
-500.0
-281.06
-300.0
-159.36
-500.0
-266.13
-500.0
-500.0
-18830.49
-1018.96
-378.3
-499.55
-1300.0
-400.5
-165.0
-1692.5
-2401.36
-3400.0
-11940.5
-40559.5
-3375.0
-5370.0
-8060.0
-2401.36
2401.36
-500.0
-850.0
-740.98
-2220.4
-487.32
-101.0
-487.32
-1788.4
-59.0
10.81
-64093.57
-36.8
-591.44
-50.0
-246.5
-370.0
-110.8
-400.0
-703.25
-218.25
-863.3
-1041.5
-456.3
-250.0
-18.12
-548.7
-130.75
-411.12
-508.3
18.75
-500.0
-500.0
-500.0
-128.11
-500.0
-226.53
-500.0
-18.98
-500.0
-48.15
-411.95
-100.0
-165.24
-199.0
-92.49
-21.88
-17.85
1016.25
-63995.51
-662.5
-5749.94
-40.0
-467.5
-90.0
-200.0
-1000.0
-500.0
-50.0
-639.09
-353.1
-100.0
-500.0
-500.0
-500.0
-79.27
-500.0
-500.0
-508.5
-460.16
-494.25
-62779.28
-742.5
-186.0
-75.0
-660.67
-90.6
-7.64
268.75
-200.0
-199.0
-200.0
200.0
5593.14
-61588.23
-349.0
-229.0
-90.0
-122.0
-5593.14
412.5
1039.5
951.27
-11800.0
-4119.09
-172.65
-425.0
-258.0
-292.35
-284.2
-255.58
-141.54
-301.5
-487.32
-1767.4
-845.91
-456.0
-58.9
-87.2
-2459.0
-26.38
-730.44
-237.0
-30000.0
-29300.0
-62315.08
-352.69
-500.0
-250.0
-500.0
-460.0
-640.0
-500.0
-500.0
-500.0
-497.34
-500.0
-81.8
-500.0
-300.0
-500.0
-500.0
-500.0
-500.0
-500.0
-2040.91
-11000.0
-3287.93
-78.81
-505.09
-190.32
200.0
-1958.0
-300.0
-39.0
-980.0
-526.0
-600.0
-1439.42
-703.68
-1923.32
-620.0
-1492.74
-500.0
-500.0
-250.0
-250.0
-98.0
-250.0
-292.31
-1039.5
-951.27
-60466.62
18.75
-412.5
-292.35
-207.0
-9000.0
-100.0
-261.0
-3020.87
-4041.82
-1972.12
-986.06
-500.0
-500.0
-143.41
-1680.0
-971.73
-295.34
-14.41
-600.0
-16133.4
-500.0
-808.27
-500.0
-250.0
-500.0
-500.0
-1340.0
-73332.32
-299.0
-11.94
-552.55
-70.32
-2859.82
618.75
-455.0
436.5
25.0
-67120.54
-9500.0
-200.0
-2025.4
-715.0
-755.34
-487.32
-724.95
-795.12
-410.0
-244.0
-52.61
-37.92
-320.0
-1000.0
-190.0
10338.55
-1000.0
-500.0
-500.0
-500.0
-500.0
-14.97
-680.0
-372.0
-266.94
-360.0
-368.0
-342.74
-500.0
-500.0
-1500.0
-22.5
-30.0
-474.7
-270.3
-30.0
-177.0
-1500.0
-125.95
-348.35
-330.05
-2213.0
-10338.55
-65178.8
-194.44
-370.0
370.0
-747.98
-313.4
-367.6
-370.0
-500.0
-703.4
-136.6
-1250.0
-250.0
-1500.0
-1632.4
-1839.4
-63.5
-724.95
-716.12
-273.0
-273.0
-273.0
-487.32
-487.32
-54.3
-18.72
200.0
-11.5
-189.65
-2062.0
-528.5
-500.0
-1606.39
-250.0
-240.0
-1000.0
-250.0
-1000.0
-500.0
-23.17
-100.0
-500.0
-500.0
-250.0
-65821.02
18.75
-1012.35
-272.88
-45.0
-25.0
-418.0
-111.0
-1500.0
500.0
1666.86
-1666.86
-500.0
-2500.0
-82.5
-62446.16
-3267.0
-48500.0
-3750.0
-170.45
-9670.0
-7.5
-1350.0
-500.0
-500.0
-1900.0
-1666.86
-500.0
-148.52
-500.0
-242.69
-1000.0
-500.0
-240.0
-665.0
-319.88
-500.0
-18.19
-238.25
-558.75
-650.0
-131.6
-2000.0
-62343.91
200.0
15237.82
-500.0
-500.0
-240.0
-1000.0
-665.0
-18.19
-15950.0
-319.88
-500.0
-500.0
-1666.86
-1900.0
-500.0
-242.69
-500.0
-1350.0
-148.52
-500.0
-15237.82
-19341.68
-15000.0
44.17
-61521.71
-475.66
-15.7
-1138.5
-56.6
-131.0
-13000.0
-2292.0
-750.0
-392.19
-534.15
-328.95
-211.6
-687.3
-544.15
-521.5
-273.75
-116.45
-35.0
-456.5
-249.0
505.83
-63049.4
-229.0
-32.07
-25.0
-18.07
-206.0
-156.0
-165.0
-224.0
-160.0
-192.0
-239.0
-400.0
-260.0
-500.0
-400.0
-9.0
-65.44
-69.0
-69.0
-2300.5
-2802.5
-3789.57
-11971.37
-9520.5
-118.13
-397.1
-32.44
-80.0
-5943.0
-487.32
-706.22
-1500.0
-110.0
-82.5
735.46
-56.56
-706.22
-1842.4
-95.8
-696.63
-10000.0
-809.7
-1558.23
-250.0
-84.78
-15.96
-256.0
-300.0
-96.0
-640.0
-330.0
-227.0
-1440.0
-700.0
-62814.22
-101.46
-76.48
-99.88
69.0
-216.0
-150.63
-89.83
-40.0
-2045.5
-312.0
69.0
-3454.27
-45.73
-946.18
-1200.0
-252.0
-202.75
-206.4
-515.25
-215.0
-403.05
-146.25
-337.15
-50.0
-222.95
-339.85
-202.5
-63162.1
-229.0
-611.3
-279.86
-1400.0
-61.16
-80.81
-69.0
10.0
-1925.0
-1725.0
-1743.75
-1950.0
-1543.75
-733.98
-17.12
-500.0
-799.99
-768.0
-840.0
-500.0
-500.0
-376.0
-250.0
-1424.0
-287.35
-114.9
-14390.44
-9.5
-62382.35
200.0
-422.5
-1225.5
-1999.5
-487.32
-1632.4
-735.46
-230.6
-1500.0
-25.0
-279.0
-159.0
-319.0
-110.55
-207.75
-68.38
90.0
-219.0
-487.32
-614.95
-1637.61
-867.21
-97.4
-69.0
-139.0
-279.0
-21.08
-1252.73
-264.0
-219.0
-275.5
-4466.22
-64093.91
-6800.0
-19.97
-100.0
-305.21
-295.34
-258.0
-51.75
-747.69
-490.37
-70.32
-64002.68
-675.0
-785.5
-500.0
-1800.0
-500.0
-250.0
-100.0
-1000.0
-500.0
-154.0
-730.6
-120.0
-600.0
-1400.0
-273.5
200.0
-1170.72
-600.0
-512.0
-1475.0
-500.0
-782.74
-66887.72
275.5
5942.25
-341.0
-124.8
-586.39
-1748.92
-487.32
-1556.0
-1350.12
-167.07
-42.2
-7469.06
-25000.0
-5942.25
-275.5
-287.4
-589.48
-5.7
-2713.27
-67473.73
-12.0
-57.0
-500.0
-625.0
-1625.72
-500.0
-190.32
-98.82
-2500.0
200.0
-375000.0
-2135.0
-140.0
-104.4
-184.98
-2.04
-377.82
-123.0
-1000.0
-67.7
-240.0
-50.29
-61.48
-29.97
-124.88
-10.29
-763.16
-958.82
-69724.83
-678.5
-27.2
-500.0
-1200.0
-1109.34
-250.0
-3597.0
-66851.37
-5500.0
-500.0
-500.0
-500.0
-444.18
-500.0
-320.0
-500.0
-300.0
-231.29
-500.0
-100.0
-333.25
-331.75
-749.0
-357.67
-3787.39
-4515.0
-11088.2
-71.4
-1597.06
-726.67
-24.24
-163.9
-200.0
-1515.83
-98.0
-548.22
-67.5
-165.0
-11000.0
-364.0
-144.65
-110.0
-180.0
-436.8
-256.0
-638.13
-210.15
-214.9
-461.0
-229.7
-400.0
-288.0
-240.0
-312.0
-217.3
-500.0
-500.0
-1000.0
-2500.0
-500.0
-500.0
-1786.06
-2158.77
-250.0
-1868.99
-90.48
-100.0
-26.72
-500.0
-750.0
-67445.86
-1300.0
-115.0
-1385.95
-500.0
-323.94
-500.0
-2007.78
-283.25
-256.0
-250.0
-643.09
-250.0
-360.0
-31.41
-100.0
-250.0
-144.0
-536.0
-262.36
-1000.0
-96.0
200.0
-1200.0
-120.75
-1650.0
-199.0
-502.05
-110.6
-110.0
-65.22
-128.5
-297.0
-75.0
-682.55
-36.0
-216.7
-245.6
-275.0
-240.4
-157.0
-18452.0
-775.0
-11.0
-1450.0
-67339.08
-297.81
-511.86
-607.23
-7.0
-231.85
-199.0
-1944.74
-7.0
-714.93
-73.25
-840.0
-211.45
-5942.25
-240.0
-640.0
-500.0
-500.0
-500.0
-533.94
-500.0
-500.0
-500.0
-500.0
-500.0
-250.0
-80.24
-500.0
200.0
-63785.57
-2107.7
-2182.93
-136.91
-700.0
-2175.0
-250.0
-500.0
-274.42
-1000.0
-765.0
-432.0
-1396.1
-1481.25
-803.0
-988.99
-728.0
-621.69
-1829.8
-3316.5
-1515.83
-850.0
-834.99
-89.2
-249.0
-166.5
-445.5
-500.0
-50.0
-500.0
-710.0
-270.0
-500.0
-500.0
-500.0
-500.0
-249.0
-339.0
-539.14
30.0
312.0
-62300.55
-3200.0
200.0
-282.0
-169.45
-141.8
-72.9
-436.5
-1238.3
-1635.6
-520.25
-103.85
-3595.5
30.0
-61196.07
-1596.87
-250.0
-75.18
-500.0
-560.0
-224.0
-723.2
-506.44
-300.0
-250.0
-364.31
-1050.0
-1360.0
-555.49
-1100.0
-440.0
-339.0
-95.0
-140.0
-140.0
-709.15
-168.5
-139.0
-706.29
-236.0
-334.45
-477.55
-500.0
-500.0
-2500.0
-433.2
-16.42
-422.3
-13.55
-16.51
-97.4
-116.6
-70.0
-1515.83
-1353.15
-2500.0
-62967.92
-370.55
-645.06
-177.0
-606.62
-29.0
-812.0
40.0
630.0
-811.36
-151.5
-624.99
-250.0
-2500.0
-500.0
-625.0
-500.0
-250.0
-500.0
-1159.83
-415.3
-250.0
-26.72
-432.0
-902.75
-50.05
-100000.0
-10.0
-239.0
-4600.0
-630.0
-61025.34
-90.0
-498.0
-290.12
-306.62
-565.89
-87843.55
-7156.45
624.48
200.0
-290.84
-4230.58
-3583.26
33387.7
-598.6
-624.48
-80.0
-454.6
-113.0
-140.0
-140.0
-140.0
-140.0
-140.0
-100.0
-187.5
-82.7
-6000.0
-9000.0
-694.25
-24.97
-29.0
-675.99
-63889.31
-260.5
-145.3
-180361.57
-513.42
-75.24
-100.0
-664.0
-271.68
-1020.0
-285.0
-530.0
-547.32
-250.0
-42.65
-2125.0
-250.0
-500.0
-250.0
-500.0
-500.0
-207.35
-712.5
-249.0
-445.3
-658.25
-1515.83
-602.92
-412.0
-61335.54
-155.0
-153.0
-461.34
-13.65
-1144.25
-600.0
-1515.83
-961.5
-609.92
-74.4
-312.0
-500.0
-1005.6
-1080.0
-460.0
-602.74
-545.96
-816.6
-81.0
-406.6
-547.32
-500.0
-2500.0
-212.88
-64306.69
-337.35
-324.05
-160.95
-1000.0
-209.0
-578.0
-500.0
-271.0
-290.5
-258.5
-5.0
-250.0
-788.4
-500.0
-222.0
-1500.0
-500.0
-90.0
-344.5
-250.0
-650.0
-500.0
-120.0
-297.73
-28.7
-500.0
-308.0
-251.82
-64564.1
-249.0
-730.0
-48.23
-582.78
-72.25
-9.46
-1350.0
-496.3
-389.3
-178.3
-154.45
-127.5
-181.4
-1108.35
-48.55
-462.26
-250.0
-1655.19
-1256.0
-550.0
-256.0
-500.0
-100.0
-543.64
-80.0
-64886.58
-585.95
-94.9
-108.04
200.0
50000.0
-525.98
-24.97
-500.0
-500.0
-200.0
-500.0
-500.0
-382.95
-327.24
-278.4
-500.0
-250.0
-500.0
-500.0
-1000.0
-1515.83
-1515.83
-79.7
-325.11
-319.99
-500.0
-516.09
-1475.0
-305.94
-485.28
-760.0
-72.1
-858.0
-609.92
-27.0
-591.55
-287.19
200.0
-847.3
-188.0
-233.6
-279.4
-329.0
-80.0
-70.0
-100.0
-1740.5
1740.5
-30.92
-327.6
-236.0
-229.0
-249.0
-249.0
-134.25
-66964.1
-1740.5
-50000.0
-47598.64
-624.25
-23.72
-90.9
-1046.5
-1300.0
-80.0
-236.0
-478.0
-2362.06
-18.29
-500.0
-225.0
-500.0
-745.36
-250.0
-500.0
-445.0
-1000.0
-250.0
-503.6
-162.3
-30.0
-1187.5
-50000.0
-62911.88
-559.5
-397.92
-18.75
-268.75
-322.5
-537.5
-967.5
-268.75
-1075.0
-123.85
-45.0
-222.55
-7500.0
-189.0
-64078.67
-7281.25
-16210.0
-500.0
-504.18
-64472.26
-30.0
-500.0
30.0
-188.54
-30.0
-250.0
-500.0
-500.0
-2500.0
-267.5
-58.83
-550.0
-500.0
280.0
-500.0
-45000.0
-187.95
25.0
1600.0
1600.0
-755.16
-25.0
-151.26
-100.75
-718.75
-2700.0
-2700.0
-2700.0
-2700.0
-97.2
-1000.0
-425.9
-250.0
-1410.86
-2909.0
-195000.0
-20000.0
-695.0
-643.5
-881.25
-1515.83
-3000.0
-250.0
-500.0
-66714.43
-80.0
-1376.77
-500.0
-10000.0
-609.92
-754.41
-75.3
-81.3
-1515.83
-211.63
-1515.83
-1515.83
-125.0
-312.0
-124.1
-500.0
-500.0
-190.32
-500.0
-50.0
-500.0
-857.15
-1339.29
-250.0
-500.0
-362.95
-500.0
-176.0
-500.0
-528.75
8.93
-306.95
-750.0
-1230.0
-391.0
-65784.66
-1187.5
-609.92
-1200.0
-1600.0
-1600.0
-1536.5
-610.2
-373.55
-115.0
-55.0
-490.5
-53.19
-30.0
1164.77
-181.0
-11.0
231.69
1443.65
85.9
339.0
85.9
259.0
580.55
60.0
1000.0
22500.0
20000.0
-20.81
-20.81
-481.67
-38.76
-25.92
-36.8
250.0
-339.0
-279.0
-25.0
-499.0
-459.0
-1207.5
-648.95
-190.45
-120.95
-150.0
-480.0
-217.12
-500.0
-600.0
-316.0
-537.04
-700.0
-396.66
-82.38
-500.0
-130.48
-333.2
-440.0
-200.0
-412.68
-245.91
-250.0
-250.0
-431.0
-176.2
-249.0
-59.57
-15.0
-700.75
-296.0
-50.0
-189.25
-615.05
-524.0
-205.5
-394.75
-115.0
-45.0
217.5
-65965.3
-3425.0
-555.9
-341.96
-2073.0
499.0
-423.5
-393.25
-63.37
20.0
-5006.94
-312.46
-65523.51
-700.0
-658.49
-243.81
-135.0
-499.0
215.0
30.0
-70000.0
-66528.55
-50.0
-946.3
-500.0
-240.0
-1933.28
-30.0
-21.4
-3714.55
-397.7
-215.62
1443.65
-2973.5
-210.8
-430.99
-8083.33
-86.0
-249.15
-228.0
-1405.0
-700.0
-495.0
-1008.46
-489.37
-66.0
-66050.25
-299.0
-1065.44
-56.25
-41.41
-229.2
-66.0
-10.29
-2496.22
-1875.0
-2000.0
-2000.0
-875.0
-250.0
-312.5
-1715.0
-1430.0
-1503.0
-350.0
-312.85
-325.7
-2187.83
2187.83
-497.6
-364.3
-420.5
-1401.0
-232.5
-1937.5
-526.68
-39.97
-395.8
-421.0
-404.3
-2187.83
-1285.0
-1507.78
-2359.44
-567.87
-500.0
-579.84
-16.0
-387.34
-90.0
150.0
2964.05
112.25
-66138.93
-205.0
-40.0
-61842.44
-85.0
-83.6
-1515.83
-262.08
-32.0
-605.2
-66.0
-132.7
-56.72
-609.92
1536.5
-120.0
-159.0
-202.5
-500.0
-500.0
-250.0
-65.0
-550.0
33.29
50.0
200.0
-1000.0
-44.0
-500.0
-250.0
-500.0
-500.0
-22.45
-65868.14
-8500.0
-65232.96
-163.0
-42.29
-500.0
-250.0
-500.0
-21.37
-32.07
-34.22
-59.97
-254.0
-92.0
-20.81
-20.81
-10.29
-643.3
-392.65
-3693.67
-9281.25
-250.0
-950.0
-500.0
-336.28
-56.71
-95.0
-8.93
-347.45
-176.0
-350.75
-350.5
-529.25
-550.0
-40.0
-30.0
-5500.0
-382.23
-44.98
-148.02
-64.0
-574.15
-621.85
-280.0
-290.2
-245.95
-358.6
-401.55
-246.1
-248.9
-145.0
-95.0
-161.2
-60.6
-20000.0
-22500.0
-1816.0
-379.4
-304.8
-125.0
-1443.65
-528.85
-582.6
-609.92
-1536.5
-115.0
-115.0
200.0
-67630.68
-54.0
-200.0
-22500.0
-20000.0
-49.9
-817.16
-127.89
-500.0
-160.5
-400.0
-159.0
-30.0
-500.0
-349.16
-287.37
-900.0
-10.5
-64821.3
-210.81
-990.0
-482.5
-427.0
-400.0
-261.0
-116.67
-390.91
-500.0
-75.2
-30.0
-500.0
-540.6
-600.0
-307.75
-316.35
-434.35
-279.35
-131.45
-154.7
-225.0
-50.0
-480.05
-243.15
-225.47
-683.32
-211.92
-500.0
-1000.0
-823.25
-683.31
-500.0
-216.71
-209.07
-220.0
-250.0
-50.0
-197.63
-1000.0
-193.36
-386.09
-246.3
-250.0
-311.64
-1508.0
-320.81
-466.64
-500.0
-34.0
-8.4
-15.75
-350.25
-1215.49
-429.51
-175.64
-1000.0
-62077.59
-385.0
-850.0
-758.61
-940.5
-125.0
-9.0
-10.0
250.0
250.0
-5319.29
-89.95
-465.0
-250.0
-500.0
-400.0
-415.0
-250.0
-500.0
-1000.0
-50000.0
-50000.0
-609.92
-582.6
-631.19
-249.0
-60605.99
-722.0
238.05
-3200.0
-660.59
-1443.65
-1443.65
-90.5
-928.13
-959.06
-928.13
-142.96
-369.0
-100.0
-550.0
-952.88
-959.06
-2104.0
-65.04
-150.0
-365.4
-206.0
-36.0
-570.0
-1084.95
-772.69
-154.77
-339.59
-70.1
365.4
206.0
36.0
570.0
-413.48
-580.0
-1181.04
-346.66
-477.47
-741.38
-708.13
-58472.21
580.0
201.3
-35.0
-240.0
-580.0
-530.0
-862.14
-437.44
-365.4
-2500.0
-206.0
-36.0
-570.0
-6.0
-59328.03
-847.15
-59.0
-59.0
-29.0
-29.0
-15.0
-234.0
-353.61
-372.35
-645.15
40.0
395.0
60.0
99.0
-60.0
-641.5
-23536.64
-767.25
-767.25
-59911.75
-294.0
-363.15
-500.0
-500.0
-700.0
-560.0
-890.5
200.0
-5500.0
-107.0
-995.0
-10.0
-580.55
-383.0
-293.92
-21.37
-5.88
-33.11
-21.33
-103.72
-500.0
-1443.65
-272.88
-582.14
-658.15
-200.0
-65.1
-58.3
-75.8
-30.0
-9800.0
1556.0
-221.9
-185.25
-249.0
-33387.7
60.0
-59977.24
-500.0
-1460.0
-220.5
-697.35
-4894.85
-2476.31
-219.0
-1089.8
-563.95
-495.31
-910.5
-604.5
-252.0
-580.55
-2600.0
-60836.33
-229.0
-2600.0
-75000.0
-5604.13
-2600.0
-69.0
2476.31
4894.85
-250.0
-1940.0
-388.0
-500.0
-576.92
-700.0
-1480.5
-386.75
-229.0
-945.0
-5500.0
-2476.31
-4894.85
-395.0
-259.0
-60.0
-99.0
-40.0
-2154.0
-304.5
-180.0
-153.28
10911.11
-61687.85
-342.0
-252.4
-339.75
-189.0
-18.47
-201.4
-500.0
-500.0
-250.0
-500.0
-250.0
-156.25
-500.0
-500.0
-310.3
189.0
-175.0
60.0
400.0
-60.0
-426.0
60.0
60.0
99.0
249.0
100.0
-249.0
50.0
-226.9
-500.0
-20.0
-100.0
-6.5
-1561.32
-120.16
-189.0
-258.0
-15.0
-45.0
-229.0
-60.0
-1443.65
-881.25
-45000.0
-2500.0
-558.09
-50.0
-55.0
-600.0
-249.0
-299.0
-60.0
-59906.89
-800.0
-149.0
-259.0
-339.0
-322.0
-60.0
-228.0
-249.0
-228.0
-30.0
50.0
-650.0
-352.2
-64.0
-587.25
-280.8
-205.91
-75.89
-2.0
-491.25
-85.9
-1443.65
149.0
259.0
-496.4
-190.9
-488.75
-658.7
-758.9
-172.95
-513.95
-141.4
-299.0
-989.96
-709.33
-27.94
-99.0
-127.56
-295.7
160.0
-160.0
-280.2
-225.0
-275.0
-135.0
-85.9
-1000.0
-672.86
-85.9
-59862.74
15.7
-2479.17
-13448.4
-1443.65
11.46
200.0
-1443.65
-740.0
-508.68
-700.0
-755.0
-672.0
-561.32
-320.0
-800.0
-200.0
-149.0
-259.0
-1207.5
-755.74
-7500.0
-339.0
-649.1
-67.76
-234.1
-791.0
-19.0
-14.62
-131.04
-7.62
-2000.0
-2351.25
-1443.65
-957.5
-60541.87
-224.0
-929.6
-1027.55
-355.75
-793.55
-122.75
-710.1
-371.1
-756.2
-231.69
-61232.14
-555000.0
-703333.33
